1501012246,625,1.1980855602
1501012247,894,6.08506414009
1501012248,578,3.94396196931
1501012249,773,1.77069836553
1501012250,945,3.81766957455
1501012251,838,0.464180711384
1501012253,2562,0.370321552651
1501012254,2647,1.196181394
1501012255,886,0.719245448947
1501012257,784,6.96917771512
1501012258,496,5.02938676179
1501012259,610,4.50598145622
1501012260,929,1.80109015154
1501012261,950,1.33993631826
1501012262,871,4.30226703543
1501012263,888,0.247261242134
1501012265,3626,0.539466349999
1501012266,1715,4.35593609051
1501012267,1117,0.0422852460763
1501012268,676,8.85309260962
1501012269,495,6.20136055979
1501012270,324,6.8300628556
1501012271,838,3.38257557178
1501012272,389,6.16678787151
1501012273,413,6.44685273773
1501012275,741,4.02174045802
1501012276,536,5.46530599399
1501012277,430,5.62989362201
1501012278,1123,1.67999250003
1501012279,1446,0.726239110316
1501012280,1993,0.220443392151
1501012281,1519,4.77355173366
1501012282,519,4.75314102191
1501012283,539,6.10620157048
1501012284,394,1.617873715
1501012285,963,4.81090731098
1501012286,601,3.13243799054
1501012287,967,2.63013455559
1501012288,1478,1.56040972128
1501012289,1519,0.21495092909
1501012291,1009,5.8856277941
1501012292,919,1.56012705745
1501012293,1483,1.59147013209
1501012294,1847,1.26210637726
1501012295,1694,1.31893167561
1501012296,1516,1.46986649594
1501012297,1061,3.72294144544
1501012298,487,5.23313249259
1501012299,425,7.49665922717
1501012300,665,3.85092997229
1501012301,621,4.79174350982
1501012302,501,6.15657193915
1501012303,284,10.9317815909
1501012304,375,3.01026220245
1501012306,420,10.0187229736
1501012307,160,9.40730565125
1501012308,165,6.93727997836
1501012309,560,3.26585391861
1501012310,360,9.84128133637
1501012311,553,1.2561421343
1501012312,1489,1.23252777471
1501012313,2012,1.48039747917
1501012314,1784,0.324023572742
1501012318,5040,1.18711680932
1501012319,5661,0.111393180426
1501012323,8826,0.131344573407
1501012324,11670,0.00713672131376
