1501012028,161,0.812411783605
1501012029,161,0.980186105411
1501012030,161,0.935468497755
1501012031,161,0.957771034519
1501012032,161,0.957857662916
1501012033,161,0.957589437884
1501012034,161,0.93538301877
1501012035,161,0.969076310071
1501012036,161,0.968849415563
1501012037,165,0.946172030848
1501012038,161,0.958097446741
1501012039,167,0.946721800552
1501012040,161,0.966640637511
1501012041,161,0.948799158268
1501012042,161,0.968944381729
1501012043,161,0.969076310071
1501012044,161,0.980042923281
1501012045,164,0.967722255616
1501012046,161,0.981119554037
1501012047,173,0.98
1501012048,180,0.946552365765
1501012049,189,0.968990724636
1501012050,175,0.980054524814
1501012051,177,0.96843306882
1501012052,165,0.98044983707
1501012053,161,0.968895290613
1501012054,161,0.968995542717
1501012055,167,0.977584967062
1501012056,165,0.982443782391
1501012057,161,0.968894602455
1501012058,161,0.979031861722
1501012059,161,0.958083151625
1501012060,161,0.96954925275
1501012061,161,0.969016651067
1501012062,161,0.957583771182
1501012063,161,0.957799833321
1501012064,161,0.977565574744
1501012065,173,0.85017242878
1501012066,222,0.470248208253
1501012067,236,0.151944680102
1501012068,253,0.221587671494
1501012070,249,0.0807750811123
1501012071,625,0.00749940215225
1501012074,581,0.254763271628
1501012075,468,0.173493549315
1501012076,387,0.0592098207745
1501012078,332,0.00875229552394
1501012080,1276,0.00409328726993
1501012082,1178,0.0117213985044
1501012085,441,0.000904728058056
1501012098,356,0.0025030279508
1501012102,559,0.00700998819002
1501012104,313,0.0326449033977
1501012105,204,0.964368263268
1501012106,194,0.914599403953
1501012107,210,1.04762647128
1501012108,231,0.898625401998
1501012109,206,0.336135975005
1501012110,298,0.549480439945
1501012111,224,0.176299412921
1501012112,213,0.144864188796
1501012113,274,0.142924654643
1501012114,212,0.349494297904
1501012115,243,0.257484337106
