1501008004,212,15.1882016981
1501008005,208,22.9411314837
1501008006,206,25.9901551146
1501008007,211,22.7792920464
1501008008,210,21.6593302597
1501008009,208,26.6451281298
1501008010,334,28.9919779896
1501008011,326,25.7039200054
1501008012,251,27.9259387902
1501008013,325,28.1362919225
1501008014,449,28.5175667352
1501008015,362,27.8662024461
1501008016,256,27.2048368375
1501008017,221,25.0257118075
1501008018,213,22.1199569565
1501008019,262,26.0682468074
1501008020,211,23.8780360161
1501008021,207,23.525037888
1501008022,209,25.8060483462
1501008023,210,25.7891481604
1501008024,252,28.4692434783
1501008025,285,26.6408919083
1501008026,244,25.3825224289
1501008027,465,29.2574093335
1501008028,390,28.2350989281
1501008029,389,28.2216763892
1501008030,522,28.9061400548
1501008031,560,28.7870015874
1501008032,615,29.3618262625
1501008033,690,28.4851418256
1501008034,550,25.6820425259
1501008035,218,17.2826871676
1501008036,208,24.2329151011
1501008037,209,22.4794374897
1501008038,210,21.3828217114
1501008039,209,21.9146222111
1501008040,259,27.2626052988
1501008041,363,28.6368776475
1501008042,256,24.3266682865
1501008043,210,22.6570154692
1501008044,213,20.6841040143
1501008045,272,28.9321892294
1501008046,230,22.1215040638
1501008047,209,22.9137114896
1501008048,231,28.2329404311
1501008049,238,18.4400997979
1501008050,215,19.5486643
1501008051,213,21.6451242243
1501008052,214,20.5225191628
1501008053,234,13.6822464609
1501008054,218,18.1278890968
1501008055,231,14.2060489543
1501008056,218,17.9074051303
1501008057,238,12.5576818934
1501008058,239,12.3956221304
1501008059,234,12.54644002
1501008060,224,17.9913054606
1501008061,218,18.6445196897
1501008062,219,21.5692850637
1501008063,226,25.4667734187
1501008064,219,24.5607140159
1501008065,241,28.7254713849
1501008066,364,28.906018394
1501008067,469,29.2142440431
1501008068,553,28.9455398895
1501008069,696,29.1208967174
1501008070,721,28.4496589925
1501008071,318,20.3811416327
1501008072,227,15.4030588316
1501008073,225,16.3245644665
1501008074,221,17.0017637693
1501008075,226,15.6700983796
1501008076,221,18.0066729306
1501008077,231,14.0032466828
1501008078,220,28.3035458546
1501008079,224,24.143116471
1501008080,218,22.5641240714
1501008081,252,27.6626597623
1501008082,389,29.5413281448
1501008083,469,28.746196408
1501008084,358,24.2461637638
1501008085,230,15.0845841588
1501008086,212,21.4752385198
1501008087,226,15.1045114216
1501008088,222,17.3771252369
1501008089,212,21.2955808052
1501008090,216,18.8570575173
1501008091,224,16.3789667053
1501008092,238,13.1005605225
1501008093,248,11.9437585345
1501008094,241,17.8481333954
1501008095,311,29.3591564959
1501008096,411,28.7447919522
1501008097,388,29.2375760234
1501008098,273,26.0965558771
1501008099,219,22.5669403784
1501008100,227,17.6302938115
1501008101,225,16.8456807596
1501008102,229,19.3767766934
1501008103,235,12.7254920366
1501008105,232,17.371649103
1501008106,222,28.6803367723
1501008107,290,29.1208088669
1501008108,384,29.3790189882
1501008109,412,28.3317300035
1501008110,433,28.6820520347
1501008111,329,28.1765535966
1501008112,427,28.5055759746
