1501010603,140,0.100857705016
1501010604,240,1.8640931515
1501010605,3,0.979314433527
1501010606,3,0.980823157693
1501010607,3,0.980180999332
1501010608,9,0.97089115314
1501010609,4,0.989129769651
1501010610,3,0.979935738116
1501010611,3,0.980018560958
1501010612,3,0.980174268673
1501010613,5,0.979964040145
1501010614,4,0.980152916849
1501010615,3,0.979982599741
1501010616,3,0.980056613119
1501010617,3,0.980065198466
1501010618,4,0.972747915575
1501010619,7,0.987542494502
1501010620,3,0.979950352894
1501010621,4,0.9801199626
1501010622,3,0.980000928031
1501010623,3,0.9777593016
1501010624,4,0.964506005537
1501010625,4,0.998078728962
1501010626,3,0.968825478852
1501010627,4,0.991462391397
1501010628,2,0.979250493171
1501010629,4,0.980923563687
1501010630,35,0.247039488588
1501010632,1516,0.0857775314603
1501010634,1739,0.163972644455
1501010636,520,2.41674944608
1501010637,76,0.268224833993
1501010639,960,0.231083953019
1501010641,1736,1.1568401137
1501010642,340,2.12455178484
1501010643,196,0.445456893053
1501010645,1861,1.24757881172
1501010647,340,0.787890880547
1501010650,2889,0.0204190595252
1501010651,3367,0.166564735469
1501010652,5343,0.113450158645
1501010653,6441,0.0284079843104
1501010655,7337,0.109900546314
1501010661,68,1.11975198154
1501010662,186,0.066834082176
1501010669,4532,0.618324298213
1501010670,3426,0.00588904434523
1501010682,6635,5.98483976684
1501010683,494,2.93555183886
1501010684,624,3.82695268289
1501010685,372,2.03545889167
1501010686,156,0.157317757821
1501010691,1073,3.71695484965
1501010692,39,0.501343737637
1501010693,2130,0.0076948054338
1501010696,3845,0.0221800286854
1501010699,7319,0.0139351662244
1501010700,8429,0.018561375057
1501010702,9089,0.0544443577998
1501010703,10691,0.0541042498837
1501010705,12579,0.0404639069949
1501010706,15299,0.00507461029208
1501010713,20603,0.0326662961462
1501010714,21070,0.0283074162943
1501010715,21155,0.0632805946753
1501010717,5067,0.132241838386
1501010718,1202,0.206869390243
1501010720,1870,0.0872100703159
1501010723,4205,0.0683127760866
1501010724,6085,0.0327173387811
1501010726,7538,0.0203778426311
1501010728,1703,5.43867487363
1501010729,753,4.39989051172
1501010730,483,0.281465535235
1501010737,2773,2.38854359563
1501010738,471,1.71571201374
1501010739,974,0.83909276174
1501010741,1022,4.73483869352
1501010742,1,0.981689370273
1501010743,24,0.320358895514
1501010746,2236,0.240755952905
1501010747,3278,0.0361288935142
1501010749,5420,0.0128478359017
1501010751,4307,0.028892596349
1501010754,1677,2.35026751709
1501010755,698,0.0768407789309
1501010764,3653,0.998991938432
1501010766,300,2.07193803017
1501010767,0,0.980015544754
1501010768,0,0.980184944934
1501010769,-1,0.980060557719
1501010770,-1,0.979984455739
1501010771,1,0.979967056032
1501010772,0,0.973584275461
1501010773,0,0.986544969145
1501010774,2,0.980187033795
1501010775,10,0.972994023636
1501010776,0,0.987038657694
1501010777,22,0.980042923281
1501010778,59,0.77247524954
1501010779,70,1.1927766262
1501010780,1,0.979909525399
1501010781,1,0.980095364393
1501010782,-1,0.980064270313
1501010783,0,0.980158718883
1501010784,0,0.977603436651
1501010785,-1,0.982387126294
1501010786,2,0.980075872351
1501010787,0,0.961810184284
1501010788,6,0.998153689168
