1501012228,94,0.772387906112
1501012229,116,1.15861108578
1501012230,55,0.980282202452
1501012231,53,0.980124603909
1501012232,53,0.945572359319
1501012233,66,0.924622158048
1501012234,65,1.06871316554
1501012235,75,0.971251526302
1501012236,69,0.979457402859
1501012237,69,0.980646567398
1501012238,53,0.97999234381
1501012239,53,0.979317445417
1501012240,53,0.967967853613
1501012241,53,0.981720567557
1501012242,53,0.979900710818
1501012243,53,0.980050580262
1501012244,53,0.980109055695
1501012245,53,0.979999071971
1501012246,78,0.14120758905
1501012248,57,0.557984480345
1501012249,57,0.439956752551
1501012250,67,0.196223158421
1501012251,53,0.392010045257
1501012252,88,0.0205283429909
1501012253,63,0.29028801183
1501012254,58,0.968745295319
1501012255,53,0.402934778683
1501012256,64,0.445520044495
1501012257,53,0.668208394652
1501012258,55,0.348512263047
1501012260,61,0.370659424061
1501012261,68,0.227450915781
1501012262,60,0.499553498102
1501012263,69,0.0413573464479
1501012266,63,0.238912071423
1501012269,53,0.89051575569
1501012270,53,0.645907255945
1501012271,63,0.508503566524
1501012272,112,0.643455586845
1501012273,68,0.94061822006
1501012274,53,0.423181016703
1501012275,53,0.50579727384
1501012276,53,0.660636733593
1501012277,53,0.300719764118
1501012278,77,0.10174688978
1501012280,96,0.0438096175335
1501012281,62,0.69082628981
1501012282,53,0.454009433962
1501012283,53,0.679359998485
1501012284,64,0.111916882242
1501012286,56,0.617840674861
1501012287,60,0.212013004972
1501012288,55,0.17995223761
1501012289,56,0.12777531082
1501012291,53,0.635163840234
1501012292,64,0.141351300617
1501012294,71,0.139431838969
1501012295,78,0.136898156677
1501012296,64,0.257434200116
1501012297,53,0.434321266486
1501012298,53,0.442574994002
1501012299,53,0.740444615844
1501012300,53,0.422991952476
1501012301,53,0.50141223533
1501012302,59,0.712706013031
1501012303,53,0.946771566734
1501012304,54,0.472484791896
1501012306,53,0.788033956925
1501012307,53,0.979784048544
1501012308,53,0.98036113682
1501012309,53,0.445227820776
1501012310,53,0.891196873233
1501012311,54,0.381141902436
1501012312,68,0.159478007867
1501012313,76,0.136897054424
1501012314,64,0.0694576720163
1501012318,72,0.189555170657
1501012320,71,0.00860564783447
1501012323,135,0.0109561627717
1501012324,98,0.0085186903476
1501012334,74,0.993649999762
1501012335,114,0.93536700578
1501012336,74,1.08464416769
