1501012386,520,0.681492521502
1501012387,2464,0.0377347679452
1501012389,4044,0.0235944917428
1501012392,6958,0.156983596053
1501012393,7865,0.0769374951546
1501012395,9039,0.348783845801
1501012396,10514,0.10822197552
1501012397,13200,0.00558886418811
1501012401,16310,0.0112507175203
1501012404,19314,0.00988598697599
1501012409,23439,0.0164030658908
1501012413,29679,0.00503386300188
1501012418,32087,0.0623068914636
1501012419,33393,0.0282789176581
1501012420,34867,0.0171473626999
1501012422,36614,0.238424258938
1501012423,37506,0.0662366976275
1501012424,28536,1.25298779196
1501012426,824,0.116817867869
1501012428,3827,0.00587261408667
1501012432,6159,0.0867839036522
1501012433,7605,0.177139488168
1501012434,8301,0.0544062035762
1501012436,10077,0.06944478355
1501012438,11858,0.0378585607711
1501012439,13097,0.108653267693
1501012440,14134,0.0683240729725
1501012442,15947,0.0850197435039
1501012443,17283,0.0514893773058
1501012444,19271,0.0138048304741
1501012453,27353,0.363779079996
1501012454,28250,1.18770307709
1501012455,11002,1.06454074002
1501012456,1437,0.0475229039889
1501012459,3486,0.044553510356
1501012463,8120,0.0152991547412
1501012469,14217,0.0245061495119
1501012472,16487,0.0214126962631
1501012473,17288,0.0466041302118
1501012474,18842,0.0443499640199
1501012475,20537,0.0114333628298
1501012485,29148,0.23853673707
1501012488,32502,0.0357506818584
