1501012379,52,0.940456285619
1501012380,52,0.979349418923
1501012381,52,0.980389463428
1501012382,52,0.980360440285
1501012383,53,0.98014525827
1501012384,58,0.96774628347
1501012385,53,0.979679934112
1501012386,57,0.215359549905
1501012388,148,0.00644230534829
1501012389,93,0.00322105915327
1501012393,151,0.00576407367084
1501012395,63,0.404523731676
1501012396,138,0.00163450523954
1501012403,70,0.00115285643587
1501012413,231,0.00233862237841
1501012418,81,0.00375549462635
1501012421,70,0.0057638215313
1501012423,102,0.0469257670411
1501012424,53,0.722857386025
1501012425,52,0.97999234381
1501012426,54,0.0666950766933
1501012435,139,0.00228198028736
1501012440,124,0.00730117680256
1501012443,160,0.00912743010065
1501012444,151,0.00251772988435
1501012453,128,0.0205369647903
1501012455,62,1.08112923756
1501012456,58,0.07386100172
1501012459,99,0.00608399718615
1501012463,244,0.00158728096645
1501012470,145,0.00353352139219
1501012473,231,0.0040565313518
1501012476,141,0.00146026913157
1501012483,52,0.988023528146
1501012484,53,0.979890272704
1501012485,53,0.980177982129
1501012486,52,0.97994269748
1501012487,53,0.980018560958
1501012488,53,0.980140152617
1501012489,54,0.979397151375
1501012490,52,0.980659344825
1501012491,53,0.979747176983
1501012492,53,0.980440083901
1501012493,53,0.955596184645
1501012494,55,1.00431011681
1501012495,53,0.980218135665
1501012496,57,0.96886271888
1501012497,52,0.980064270313
1501012498,53,0.979374906546
1501012499,52,0.978183736968
1501012500,52,0.982614023148
1501012501,53,0.979911613086
1501012502,53,0.980157790553
1501012503,52,0.980065198466
