1501007927,53,0.939741448383
1501007928,53,0.980054524814
1501007929,54,0.979731640741
1501007930,59,0.938774928369
1501007931,59,0.940003906216
1501007932,55,0.983315897643
1501007933,53,0.979494252612
1501007934,53,0.969416277082
1501007935,53,0.979649098228
1501007936,53,0.980061485865
1501007937,53,0.977767846746
1501007938,53,0.982352856024
1501007939,53,0.980344652417
1501007940,53,0.97981999519
1501007941,53,0.980255971197
1501007942,53,0.980053596681
1501007943,53,0.978480390303
1501007944,57,0.970383306243
1501007945,53,0.980036890593
1501007946,54,0.980011832529
1501007947,53,0.979884241895
1501007948,53,0.980170323157
1501007949,53,0.979364943045
1501007950,55,0.969577965584
1501007951,53,0.980158718883
1501007952,53,0.979736510257
1501007953,53,0.98016660976
1501007954,53,0.980077960747
1501007955,53,0.96895218171
1501007956,58,0.968793683221
1501007957,53,0.980130405608
1501007958,53,0.979879602861
1501007959,53,0.980063342162
1501007960,53,0.980024361401
1501007961,54,0.98008863491
1501007962,53,0.980082601659
1501007963,53,0.979967056032
1501007964,53,0.979938753828
1501007965,64,0.901924600065
1501007966,53,0.980269666987
1501007967,53,0.980037818694
1501007968,53,0.979981671744
1501007969,53,0.978929064582
1501007970,60,0.979005465802
1501007971,53,0.982190396196
1501007972,53,0.980132494236
1501007973,53,0.979891896396
1501007974,53,0.98011485721
1501007975,55,0.96847523744
1501007976,76,0.980378782712
1501007977,67,0.925102603818
1501007978,86,0.94162279897
1501007979,123,0.904197272415
1501007981,108,1.06105412743
1501007982,70,1.06481199838
1501007983,54,0.954059204196
1501007984,54,0.994875389871
1501007985,53,0.980242507912
1501007986,53,0.978999677413
1501007987,53,0.981034685019
1501007988,53,0.97988725729
1501007989,53,0.9801821598
1501007990,53,0.979985383741
1501007991,54,0.979967984001
1501007992,59,0.968336828118
1501007993,53,0.980165449329
1501007994,53,0.969247755858
1501007995,53,0.980150828134
1501007996,53,0.979922283626
1501007997,53,0.980127620784
1501007998,54,0.979929938721
1501007999,53,0.979959168368
1501008000,53,0.980089563109
1501008001,53,0.980024361401
1501008002,53,0.980173340314
1501008003,54,0.899456073279
1501008004,59,1.05172248527
1501008005,55,0.979305861328
1501008006,58,0.975743595763
1501008007,57,0.982915470628
1501008008,59,0.983484337859
1501008009,58,0.968775336528
1501008010,107,0.850227906094
1501008011,236,0.964447351908
1501008012,92,1.06353710813
1501008013,146,0.934083715683
1501008014,249,0.816149871316
1501008015,266,1.08279686453
1501008016,168,1.11148312821
1501008017,74,0.971715750919
1501008018,62,0.994880591088
1501008019,91,0.907217280329
1501008020,79,1.06282102782
1501008021,59,0.980078888926
1501008022,61,0.971149193687
1501008023,59,0.977206494219
1501008024,81,0.935904329022
1501008025,146,0.927588898925
1501008026,82,1.06547802043
1501008027,233,0.691633794173
1501008028,319,1.10850888445
1501008029,200,0.949584889099
1501008030,323,0.851835428666
1501008031,416,0.970089108779
1501008032,435,0.904567493222
1501008033,534,0.911872728167
1501008034,494,1.07618698551
1501008035,162,1.36757057529
1501008036,58,0.977860005235
1501008037,56,0.980623336567
1501008038,58,0.979748104536
1501008039,56,0.981257933644
1501008040,67,0.911296013623
1501008041,208,0.849754809856
1501008042,157,1.15360714138
1501008043,58,1.00406930772
1501008044,58,0.979452536118
1501008045,88,0.874999381923
1501008046,105,1.08412875027
1501008047,55,0.985770397454
1501008048,62,0.924112750504
1501008049,89,1.02454036095
1501008050,56,0.979960328311
1501008051,57,0.980471201832
1501008052,56,0.976174109285
1501008053,55,0.98364325253
1501008054,55,0.980382729906
1501008055,55,0.979784976166
1501008056,55,0.978355279158
1501008057,55,0.981568324959
1501008058,54,0.980488851686
1501008059,55,0.979525310533
1501008060,56,0.980558992911
1501008061,56,0.978300249637
1501008062,56,0.975491124829
1501008063,73,0.986187016081
1501008064,70,0.979532264068
1501008065,79,0.930648530678
1501008066,184,0.834967729018
1501008067,307,0.909466655506
1501008068,385,0.860704207781
1501008069,511,0.818448381788
1501008070,605,1.11438218713
1501008071,224,1.39335601407
1501008072,55,0.97975575691
1501008073,55,0.979336907302
1501008074,55,0.980660274105
1501008075,55,0.979886329474
1501008076,55,0.969010915011
1501008077,55,0.979871716605
