1501010630,455,7.06978383766
1501010631,625,3.84628281055
1501010633,1716,1.31437737635
1501010634,2505,1.54912360163
1501010635,2861,0.171847800583
1501010636,1416,0.769697073587
1501010637,1465,0.694697847218
1501010639,2038,1.44157634223
1501010640,2561,1.38279839159
1501010641,2083,0.536679857123
1501010642,1295,2.56699478054
1501010643,1327,1.41134504284
1501010644,1945,1.58959307651
1501010645,2382,0.613762688865
1501010646,3255,0.179160994092
1501010647,2267,1.42012104385
1501010648,2494,0.81542317424
1501010650,5263,0.00527977059935
1501010652,4988,0.0424939235677
1501010654,1982,0.0234151702826
1501010656,2727,0.858029158608
1501010657,3536,0.563405155529
1501010658,4318,0.746745923282
1501010659,5273,2.48866171947
1501010660,4981,4.69823317107
1501010661,5126,2.30781095268
1501010662,1268,1.70381966943
1501010663,2052,2.05192600469
1501010664,2653,1.51135551483
1501010665,3473,1.78031846624
1501010666,4217,1.61993781308
1501010667,5064,1.32033530554
1501010669,4444,0.454588631277
1501010670,1597,2.70091400417
1501010671,2251,1.27820176126
1501010672,3109,2.02630553084
1501010673,3764,2.01105067734
1501010674,3827,2.39856522979
1501010675,4857,1.35404261595
1501010676,5221,2.60192988241
1501010677,4936,2.51030678176
1501010678,5734,1.80696172503
1501010679,5953,3.92177413592
1501010680,5367,2.30981902233
1501010681,5842,0.246130167407
1501010686,2394,1.26018927843
1501010687,1832,1.55255137451
1501010688,2476,1.28294823858
1501010689,3132,3.38365033936
1501010690,3612,3.21702493916
1501010691,3459,2.23689426596
1501010692,3214,0.378235269936
1501010694,3296,0.00412330107768
1501010697,1616,0.00536121407793
1501010699,1752,0.0026356633763
1501010720,1373,0.0234296630292
1501010722,1472,0.00759868967833
1501010723,1264,0.0321363499419
1501010725,1859,0.00766043805525
1501010726,2281,3.03494202993
1501010727,2204,1.58749856642
1501010729,1653,0.00612263146639
1501010731,2035,0.416869657569
1501010732,2913,0.593442313899
1501010733,3634,0.549390253398
1501010734,4074,0.447431175187
1501010735,5227,0.154153550569
1501010736,6019,0.907225359636
1501010737,6357,0.10940835571
1501010739,2252,2.92813645475
1501010740,2620,0.707000148556
1501010744,701,0.802978525787
1501010745,1572,0.578675681705
1501010747,1764,0.062721636736
1501010748,1930,0.0297433403908
1501010750,1472,0.135528630807
1501010751,2391,0.874246661522
1501010752,3084,1.29721504452
1501010753,3905,0.715888073195
1501010754,4058,0.0314483646633
1501010756,5450,1.11409661425
1501010757,3335,0.797592822291
1501010758,3936,0.35481193149
1501010759,5081,0.347151546013
1501010760,6051,0.587511902727
1501010761,7097,0.895023146166
1501010762,7534,1.27769607091
1501010763,7818,0.514499933008
1501010764,8621,4.72005040838
