1501011051,109,0.87724586873
1501011052,124,0.971364423102
1501011053,123,0.982762857228
1501011054,124,0.975057608275
1501011055,128,0.981870062655
1501011056,121,0.957553172151
1501011057,126,1.00631250976
1501011058,125,0.975492044341
1501011059,123,0.979640431602
1501011060,122,0.980954712316
1501011061,124,0.947640673425
1501011062,122,1.01392157258
1501011063,123,0.980649587487
1501011064,123,0.989173939958
1501011065,121,0.97094793333
1501011066,120,0.976795583239
1501011067,123,0.981757587803
1501011068,289,0.0613252817827
1501011072,3196,0.341157203237
1501011078,3941,4.73124364472
1501011079,1141,0.294076364992
1501011080,1411,0.021973966642
1501011082,1319,0.0822541076053
1501011084,3193,0.0325686967098
1501011086,6097,0.00778187265372
1501011092,10363,0.0239386806856
1501011095,13949,0.0130310506334
1501011099,17484,0.597658830771
1501011100,17385,0.899887051134
1501011102,17595,0.593308789314
1501011103,15034,0.259260724804
1501011106,4420,0.0155658053604
1501011109,6524,0.0458905264452
1501011110,8618,0.0130067465124
1501011113,11450,0.00948124021031
1501011118,15722,0.0204138435934
1501011122,20076,0.13826572741
1501011123,20155,0.250574746377
1501011126,20219,1.23527764861
1501011127,8635,2.66910797048
1501011128,7913,0.68091473684
1501011129,7970,1.81106203459
1501011131,8596,0.102856785315
1501011132,10184,0.077262033266
1501011133,11641,0.237249052279
1501011135,12238,0.20722231535
1501011136,13099,0.256526376039
1501011137,12839,0.942811548041
1501011138,11650,0.056155782697
1501011144,15477,0.697389801262
1501011146,16210,0.446379536003
1501011147,16089,1.03716628903
1501011149,14626,0.205253192666
1501011150,15554,0.0781458416705
1501011160,12551,0.574574926263
1501011161,13043,0.0223106670268
1501011165,15426,0.336895178617
1501011166,16199,0.221472402266
1501011168,17708,0.618329877298
1501011170,13882,0.0417816721107
1501011171,14769,0.11960883996
1501011177,19628,1.27578238274
1501011178,14489,0.330738082735
1501011184,152,1.24020519973
1501011185,121,0.980097220818
1501011186,120,0.979378947199
1501011187,122,0.980681794225
1501011188,122,0.980177129388
1501011189,120,0.980002064611
1501011190,121,0.97761294928
1501011191,120,0.978778817627
1501011192,122,0.981917865794
1501011193,120,0.981541792091
1501011194,123,0.979992429834
1501011195,120,0.980379943648
1501011196,125,0.95958073977
1501011197,123,1.00086336759
1501011198,123,0.979377114321
1501011199,122,0.98157875178
1501011200,123,0.97500473508
1501011201,122,0.984165929645
1501011202,122,0.97992808293
1501011203,120,0.977871435749
1501011204,121,0.98230423003
1501011205,120,0.980015599499
1501011206,120,0.97678269912
1501011207,124,0.97823228054
1501011208,124,0.985209434831
1501011209,120,0.974377728509
1501011210,122,0.985727909931
1501011211,121,0.979857792174
1501011212,121,0.980194340966
1501011213,121,0.97888248832
1501011214,121,0.979871716605
