1501011068,697,0.708632003824
1501011069,681,0.26492459472
1501011070,1706,0.0819568560008
1501011073,1871,0.59766536965
1501011074,3305,0.36135962644
1501011075,4185,0.31573109468
1501011076,5449,6.86536134696
1501011077,4204,3.82980056683
1501011078,860,1.93579555964
1501011080,1752,2.99038299631
1501011081,2645,0.68859645773
1501011082,895,1.56638174679
1501011083,2089,1.23460400661
1501011084,2845,0.949471479868
1501011085,4296,0.991356978115
1501011086,5126,0.190211599939
1501011087,6015,0.230656829319
1501011088,7680,0.307470799335
1501011089,8539,0.157272111219
1501011090,9406,1.24184078067
1501011092,10263,0.243827676072
1501011093,11496,0.101951316046
1501011094,12951,1.3564623554
1501011095,13531,0.307903732083
1501011097,15440,0.0448598729771
1501011098,16662,1.18790340852
1501011099,17716,1.55624530456
1501011100,14773,0.0144113287014
1501011103,4292,0.0450172684081
1501011119,17121,1.11468182178
1501011121,18231,0.58080917483
1501011122,19246,0.424915507183
1501011123,20653,0.891575168196
1501011124,21657,0.618819707776
1501011125,20218,1.68154662252
1501011126,16439,0.429448832915
1501011130,9065,1.44531131798
1501011131,10348,0.0200242257374
1501011132,11965,0.013645800109
1501011134,13189,0.13267605072
1501011135,14164,0.229463174777
1501011136,15640,0.0365944450193
1501011137,16084,0.795570668138
1501011139,16937,1.00767154879
1501011140,18004,1.27361777502
1501011141,19162,0.24093028592
1501011143,20838,0.1456428953
1501011144,20798,1.43074494411
1501011145,19398,0.217864974199
1501011146,20900,0.200009873881
1501011147,15949,0.695064344983
1501011148,15018,0.857978433378
1501011149,14849,0.292341779463
1501011150,16043,0.608318459836
1501011151,15749,1.04733614707
1501011152,15766,1.29792198406
1501011153,6717,0.432991428018
1501011154,8269,0.223323383321
1501011155,8878,0.375155434164
1501011156,10109,1.43729902857
1501011157,10845,1.59053381727
1501011159,12140,0.746815324887
1501011160,13293,0.605924981153
1501011161,14169,0.254786464469
1501011162,15758,0.174298074162
1501011163,16261,0.333878677971
1501011166,18659,0.109542558022
1501011167,20250,0.235208842948
1501011170,20145,0.205058301893
1501011171,18955,0.543412966129
1501011172,20625,0.0475562997236
1501011174,21579,0.0552649888072
1501011175,22718,0.0605243903171
1501011176,24024,0.0420603396882
1501011177,23211,1.17686225807
