1495736403,10,0.951244003124
1495736404,11,1.00099849221
1495736405,7,0.994015573044
1495736406,6,0.978069331892
1495736407,7,0.981959036174
1495736408,14,0.917149837424
1495736409,48,1.02279551534
1495736410,9,0.988339577894
1495736411,61,0.968782904455
1495736412,8,0.991506770285
1495736413,12,0.976177101889
1495736414,10,0.983782578803
1495736415,10,0.928950480499
1495736416,15,0.992876593154
1495736417,16,0.989613221958
1495736418,47,1.00951490628
1495736419,8,0.962547301259
1495736420,12,0.997287958751
1495736421,71,0.92285796327
1495736422,12,1.040555728
1495736423,13,0.973287208292
1495736424,6,0.986517667285
1495736425,7,0.980699305471
1495736427,8,0.975809379228
1495736428,11,0.984305404035
1495736429,15,0.972016015007
1495736430,24,0.924307526435
1495736431,17,1.04475587725
1495736432,9,0.978364990892
1495736433,14,0.98166399484
1495736434,19,0.980058469397
1495736435,10,0.979879370911
1495736436,11,0.680660297315
1495736437,82,1.24156612698
1495736438,170,0.792849633443
1495736439,83,1.1722176444
1495736440,109,0.991042045714
1495736441,68,0.726079109039
1495736442,93,1.21003244255
1495736443,62,0.820520069564
1495736444,154,0.91384893341
1495736445,144,1.25979190937
1495736446,62,1.01437029269
1495736447,42,0.958647792483
1495736448,53,0.968644407184
1495736449,117,0.987877816851
1495736450,110,0.959193850067
1495736451,92,1.00265109513
1495736452,49,0.973464778481
1495736453,110,0.785751482528
1495736454,188,0.907972721846
1495736456,192,0.912818674101
1495736457,182,1.10278368484
1495736458,160,1.22920618993
1495736459,48,1.00194349016
1495736460,42,0.984758266149
1495736461,48,0.938246851603
1495736462,104,0.99781230434
1495736463,53,0.986680885418
1495736464,56,0.98613767983
1495736465,42,0.988486125622
1495736466,55,0.977476472318
1495736467,61,0.967751778289
1495736468,64,0.959493840814
1495736469,49,0.992323881614
1495736470,50,0.994546405205
1495736471,43,0.980014681868
1495736472,109,0.94136393237
1495736473,61,1.0247237623
1495736474,48,0.933665492846
1495736475,59,1.0091933672
1495736476,127,0.971233605013
1495736477,60,0.758869319744
1495736478,317,0.767596642511
1495736479,459,1.41030986489
1495736480,45,0.950581930193
1495736481,59,0.970555936395
1495736482,54,1.02454761173
1495736483,51,0.964155348562
1495736484,43,0.993231225613
1495736485,43,0.903133667863
1495736486,64,1.0558658395
1495736487,47,0.977914292174
1495736488,70,0.932543089985
1495736489,199,1.02037855552
1495736490,56,0.981465925313
1495736491,47,0.990095403956
1495736493,225,0.309859749793
1495736495,1307,0.0527714412889
1495736497,2862,0.888537600508
1495736498,2600,1.33692765272
1495736499,1171,2.46149942915
1495736500,84,1.23337971687
1495736501,48,0.879006494549
1495736502,82,0.828992997952
1495736503,75,1.26110049983
1495736504,112,0.621451059821
1495736505,146,1.48221539118
1495736506,39,0.988328497832
1495736507,98,0.868170402645
1495736508,65,0.880952919106
1495736509,367,1.04660608551
1495736510,83,0.973132155459
1495736512,88,0.727426586268
1495736513,378,1.26722385686
1495736514,114,0.992356910952
1495736515,54,0.980318417819
1495736516,48,0.98780928912
1495736517,45,0.970413263477
1495736518,190,0.94399648315
1495736519,47,0.970041857291
1495736520,50,1.05355649581
1495736521,47,0.888746138659
1495736522,54,0.994244893875
1495736523,45,1.06933951027
1495736524,7,0.979767583542
1495736525,7,0.979026999209
1495736526,75,0.751999715078
1495736527,109,1.00087145279
1495736528,126,1.22073809114
1495736529,7,0.986759912783
1495736530,9,0.979802601323
1495736531,6,0.980184016554
1495736532,9,0.95154896263
1495736533,9,1.00873637756
1495736534,7,0.980096292605
1495736535,8,0.979946409181
1495736536,47,0.883660163061
1495736537,71,0.808767688543
1495736538,110,0.996919327748
1495736539,127,0.914083717504
1495736541,137,1.02435200279
1495736542,44,1.27685593845
1495736543,7,0.979359150404
1495736544,8,0.96326330016
1495736545,7,0.998134648616
1495736546,7,0.974111245595
1495736547,7,0.985919250043
1495736548,8,0.979164789125
1495736549,10,0.979366101581
1495736550,15,0.952581703708
1495736551,9,1.00950585945
1495736552,8,0.979890040748
1495736553,8,0.979985383741
1495736554,9,0.980109055695
1495736555,6,0.980001160039
1495736556,8,0.978132424715
1495736557,12,0.981552730906
1495736558,10,0.978435059833
1495736559,6,0.981891489358
1495736560,9,0.976969405747
1495736561,8,0.983036614998
1495736562,10,0.975333913889
1495736563,7,0.984595946562
1495736564,9,0.972966727347
