1495736436,55,15.5944305605
1495736437,52,16.3963273765
1495736438,76,11.3055740717
1495736439,56,14.0875293602
1495736440,74,12.92712602
1495736441,58,14.9244480067
1495736442,52,18.342874917
1495736443,53,19.7550643765
1495736444,57,16.1067850631
1495736445,60,14.8916601448
1495736446,43,22.1021849408
1495736447,43,23.2817952142
1495736448,47,18.5749679965
1495736449,61,16.8277429494
1495736450,56,15.0495917352
1495736451,52,22.4482927528
1495736452,46,21.4093182913
1495736454,102,7.29035617325
1495736455,105,9.55561350427
1495736456,107,7.31789235358
1495736457,95,10.3884261489
1495736458,84,9.85779351068
1495736459,45,20.4999082155
1495736460,42,23.1064823213
1495736461,40,25.6459322844
1495736462,64,15.6266109476
1495736463,53,18.2596360502
1495736464,59,18.5129391518
1495736465,41,24.0171219073
1495736466,41,22.112947615
1495736467,60,19.9212213188
1495736468,53,16.6741361083
1495736469,51,19.2203047637
1495736470,47,21.4600416045
1495736471,41,23.9299318432
1495736472,59,19.0591090257
1495736473,54,17.66349361
1495736474,54,16.8980782144
1495736475,55,18.6000783225
1495736476,56,17.711408568
1495736477,54,16.3125650214
1495736478,89,13.465290315
1495736479,378,16.8540525208
1495736480,95,23.5612489672
1495736481,43,22.9595524353
1495736482,56,18.5504242404
1495736483,42,23.2057793118
1495736484,46,22.9410649612
1495736485,37,26.6694824078
1495736486,55,23.5314701977
1495736487,38,25.9124753983
1495736488,43,22.8517997556
1495736489,72,15.0950230639
1495736490,71,17.3407063998
1495736491,49,20.665844084
1495736492,69,15.6536711635
1495736493,580,6.13835003097
1495736494,1539,5.00956610801
1495736495,2125,3.26307531596
1495736496,2947,23.8652271081
1495736497,2802,19.9595153875
1495736498,1813,34.6283052835
1495736499,459,31.1315165737
1495736500,44,23.1459473609
1495736501,58,17.8576406792
1495736502,62,22.3577395261
1495736503,39,24.440170173
1495736504,114,20.8588333993
1495736505,76,24.9001738683
1495736506,40,24.7410007654
1495736507,53,23.9074304513
1495736508,45,22.2720337704
1495736509,63,15.6459234248
1495736510,81,11.2555390589
1495736511,50,19.2356127444
1495736512,72,13.6233130913
1495736513,59,17.494676433
1495736514,48,21.1730442984
1495736515,52,20.4842957287
1495736516,47,23.0079278438
1495736517,47,19.6532477376
1495736518,51,21.9400227776
1495736519,42,23.2779729335
1495736520,48,22.4840890513
1495736521,50,19.5192695733
1495736522,50,20.4752439942
