1501013000,474,0.963444283217
1501013001,1641,0.368004230061
1501013002,2592,0.52695748276
1501013004,3811,0.705787695415
1501013005,4622,0.264206555955
1501013007,7265,0.103910815185
1501013008,8378,0.174369386756
1501013009,9108,0.138556646615
1501013010,10103,0.095921011983
1501013012,9575,0.139314596029
1501013013,10047,0.0998266015044
1501013014,10801,0.251833316846
1501013015,11269,0.18281704984
1501013017,12596,0.182431915834
1501013018,11245,0.13724238121
1501013019,10785,0.325011025016
1501013020,11258,0.107026272515
1501013022,10892,0.110683698508
1501013023,12298,0.048926300839
1501013026,13850,0.0432848612152
1501013031,17232,0.507416805559
1501013033,14289,0.283380847696
1501013034,13439,0.377072814784
1501013035,12375,0.201247920683
1501013037,11612,0.0170117640592
1501013039,7528,0.526571010204
1501013040,6916,0.403061999249
1501013041,7993,0.127753739458
1501013042,8853,0.508467407273
1501013043,8658,0.0639389938735
1501013044,9590,0.387360345349
1501013045,8866,0.221074500086
1501013046,7150,0.941514654457
1501013047,4297,1.21890854723
1501013048,1720,2.25033768573
1501013049,869,2.93725987545
1501013051,1068,2.91816920943
1501013052,1193,1.95241774133
1501013053,1839,0.196195411993
1501013054,3058,0.891740664412
1501013055,1888,2.45811597079
1501013056,1421,2.21410877839
1501013057,1206,0.129015845216
1501013061,2687,3.91766146838
1501013062,1080,1.86126958636
1501013063,2075,0.160266854895
1501013064,3050,0.566672823826
1501013065,3660,0.530494650542
1501013066,4252,0.476968963323
1501013068,4910,0.0431952703891
