1501012983,79,0.914143140111
1501012984,79,0.980220921003
1501012985,85,0.979914396683
1501012987,79,0.969053363431
1501012988,79,0.980025521498
1501012989,79,0.979932954398
1501012990,79,0.980131565956
1501012991,80,0.980069143136
1501012992,79,0.968696224374
1501012993,83,0.98019678193
1501012994,79,0.966180335815
1501012995,79,0.993886020843
1501012996,79,0.980040138955
1501012997,79,0.98020165607
1501012998,79,0.979874731923
1501012999,79,0.980015544754
1501013000,86,0.825782773254
1501013001,86,0.0417094397533
1501013002,114,0.0381087125558
1501013003,100,0.0547401571452
1501013005,136,0.0126401935583
1501013007,155,0.025270409679
1501013009,217,0.0319503698046
1501013011,111,0.0312924864605
1501013012,98,0.051098839196
1501013014,105,0.0338127364542
1501013015,128,0.0491777056886
1501013017,142,0.0168503373739
1501013020,131,0.0292074906907
1501013022,190,0.0109521935819
1501013023,161,0.00938785741313
1501013026,149,0.00199118679728
1501013032,97,0.557075486334
1501013033,80,0.490435874884
1501013034,120,0.0547577041436
1501013035,140,0.0398301713972
1501013036,120,0.0210618466081
1501013039,107,0.0365048244726
1501013040,128,0.0172898672214
1501013042,103,0.0597688151379
1501013043,151,0.0199072012946
1501013045,141,0.034243638538
1501013046,154,0.0398046913095
1501013047,83,0.0456354060901
1501013049,80,0.257815767243
1501013050,80,0.192735629505
1501013051,83,0.186194183714
1501013052,86,0.121010537952
1501013054,120,0.010960178252
1501013055,80,0.33606345198
1501013056,81,0.141550771664
1501013057,87,0.0371935034715
1501013061,85,0.323918681537
1501013062,81,0.0847410987393
1501013065,109,0.033700155659
1501013066,107,0.0796537668853
1501013067,82,0.75801656692
1501013068,79,0.979839708987
1501013069,79,0.979964040145
1501013070,79,0.980095596445
1501013071,79,0.98015198853
1501013072,79,0.979967984001
1501013073,84,0.968833819035
1501013074,79,0.968948281704
1501013075,79,0.980101165745
1501013076,79,0.979925995172
1501013077,80,0.980072159669
1501013078,79,0.980032250114
1501013079,79,0.980089563109
1501013080,79,0.980131565956
1501013081,79,0.979849218278
1501013082,79,0.980204441315
1501013083,79,0.979432142681
