1495737856,64,12.1416057354
1495737857,67,13.1332730796
1495737858,67,12.5374748312
1495737859,67,13.161312648
1495737860,60,14.2601712511
1495737861,59,14.2424127648
1495737862,63,13.232955584
1495737863,70,14.6110219042
1495737864,58,14.6083303465
1495737865,55,15.0009931347
1495737866,59,15.0714065198
1495737867,56,14.9705099663
1495737868,59,14.4529501155
1495737869,69,11.7356124558
1495737870,66,12.7455990462
1495737871,61,13.5676191674
1495737872,56,14.8495524068
1495737873,61,13.5428497377
1495737874,61,13.8074059438
1495737875,60,13.6428279666
1495737876,58,14.5363608682
1495737877,61,13.7253757722
1495737878,65,13.2602460833
1495737879,59,14.1527505087
1495737880,71,11.6747413044
1495737881,65,11.9246617591
1495737882,67,12.9982388564
1495737883,61,13.7923937409
1495737884,62,14.4161848637
1495737885,61,14.1503258548
1495737886,61,13.8074570343
1495737887,62,13.1208138472
1495737888,61,13.6557271749
1495737889,63,12.8953116474
1495737890,63,13.9199726889
1495737891,59,14.1194410239
1495737892,65,12.6634661553
1495737893,61,14.6373220748
1495737894,63,12.7702568016
1495737895,65,13.3161482918
1495737896,59,14.2429770714
1495737897,60,14.402558447
1495737898,78,10.2908075963
1495737899,60,14.2923765175
1495737900,59,14.0884189632
1495737901,59,14.7189907771
1495737902,92,11.608983942
1495737903,251,11.6345613306
1495737904,281,18.1654611949
1495737905,197,17.270595696
1495737906,61,13.7448018181
1495737907,63,13.3537734175
1495737908,66,15.1397900285
1495737909,62,13.4569333077
1495737910,64,13.1141103546
1495737911,58,14.5341428328
1495737912,61,13.9541140593
1495737913,58,13.3524840048
1495737914,65,15.4627920631
1495737915,59,14.6715004703
1495737916,72,12.0586907438
1495737917,56,15.1499312968
1495737918,62,12.9303031387
1495737919,60,15.915728376
1495737920,63,15.1626073108
1495737921,60,13.836624309
1495737922,62,13.581211273
1495737923,56,15.0127671502
1495737924,58,14.8066220993
1495737925,57,14.8124494501
1495737926,56,14.867063919
1495737927,56,15.3936585596
1495737928,67,13.8447767511
1495737929,66,13.1353195074
1495737930,64,13.0232961516
1495737931,61,13.9573808734
1495737932,56,15.3659472852
1495737933,65,12.9402451068
1495737934,64,13.2655440112
1495737935,58,14.738934886
1495737936,60,13.7272248797
1495737937,58,15.0870756839
1495737938,61,13.5217036369
