1495737834,6,0.985716173692
1495737835,7,0.975684720184
1495737836,6,0.984337938144
1495737837,6,0.980061253828
1495737838,6,0.978952215207
1495737839,8,0.979494252612
1495737840,6,0.981514795206
1495737841,6,0.976442595855
1495737842,6,0.983462841582
1495737843,6,0.978837630314
1495737844,6,0.981070723493
1495737845,6,0.980073087837
1495737846,7,0.979780106169
1495737847,6,0.976585649415
1495737848,95,0.983698183512
1495737849,8,0.979825097509
1495737850,6,0.979830895662
1495737851,7,0.976803189561
1495737852,7,0.983448355491
1495737853,6,0.977344002886
1495737854,7,0.98262778491
1495737855,6,0.97988540166
1495737856,41,0.917746651788
1495737857,76,0.976951190673
1495737858,68,0.963760049935
1495737859,72,0.95558489844
1495737860,69,0.823495828766
1495737861,156,0.952149411724
1495737862,146,1.19702216743
1495737863,71,0.973478340417
1495737864,60,1.01800360338
1495737865,55,0.977377644531
1495737866,118,0.97434074976
1495737867,58,0.99258631616
1495737868,60,0.97340287141
1495737869,78,0.654564003326
1495737870,129,1.38288946458
1495737871,62,0.95625128208
1495737872,59,1.00085223387
1495737874,64,0.972764381789
1495737875,66,0.978460962444
1495737876,59,0.987849379019
1495737877,63,0.983403965288
1495737878,59,0.980353474986
1495737879,68,0.984862064828
1495737880,63,0.973769831809
1495737881,74,0.975521779583
1495737882,78,0.946230248414
1495737883,62,1.01442046243
1495737884,65,1.0093578266
1495737885,68,0.955391574724
1495737886,62,0.969112070751
1495737887,62,0.991566206648
1495737888,64,0.980474630509
1495737889,62,0.975860132682
1495737890,151,0.97346091153
1495737891,59,0.983151251134
1495737892,59,0.986877301193
1495737893,73,0.982481271169
1495737894,60,0.980967115497
1495737895,72,0.985012332674
1495737896,61,0.972099391076
1495737897,59,0.988224913604
1495737898,69,0.644012620299
1495737899,117,1.34588548012
1495737900,60,0.974614470559
1495737901,58,0.967735527997
1495737902,66,0.976932926158
1495737903,155,1.01112711298
1495737904,96,0.183837345416
1495737905,338,1.86103089992
1495737906,63,1.00768210029
1495737907,66,0.97284123663
1495737908,125,0.975823160634
1495737909,62,0.985649720201
1495737910,66,0.978874706535
1495737911,58,0.976891646034
1495737912,61,0.987349187609
1495737913,62,0.949840244207
1495737914,63,1.0030557451
1495737915,60,0.973966287966
1495737916,123,0.992613324769
1495737917,56,0.967412288903
1495737919,64,0.989042447375
1495737920,62,0.979026473675
1495737921,134,0.961944189149
1495737922,62,0.992050659821
1495737923,64,0.985833992132
1495737924,61,0.986221366952
1495737925,57,0.97158956412
1495737926,57,0.97629099818
1495737927,57,0.984099724437
1495737928,61,0.976402679388
1495737929,145,0.983721560259
1495737930,72,0.960331394507
1495737931,62,0.999766911635
1495737932,62,0.988152256113
1495737933,65,0.963033532775
1495737934,63,0.981374103484
1495737935,63,0.990127723108
1495737936,59,0.985444351932
1495737937,63,0.976295242935
1495737938,64,0.981138690456
1495737939,45,1.03685564481
1495737940,8,0.979686657984
1495737941,8,0.980333044015
1495737942,8,0.979883314085
1495737943,13,0.6672581033
1495737945,210,1.00400834966
1495737946,184,1.01537469199
1495737947,153,1.34340870984
1495737948,7,0.979983527739
1495737949,7,0.980184944934
1495737950,9,0.979920427863
1495737951,7,0.9793739797
1495737952,7,0.980459590433
1495737953,8,0.980020417092
1495737954,7,0.979799818361
1495737955,8,0.980144097889
1495737956,7,0.980135279088
1495737957,7,0.979834606516
1495737958,9,0.969626206974
1495737959,8,0.990183921101
1495737960,8,0.980242507912
1495737961,7,0.980120890858
1495737962,7,0.979577000841
1495737963,7,0.980518114686
1495737964,7,0.980133422518
1495737965,8,0.980059397539
1495737966,8,0.980060325683
1495737967,7,0.977981061823
1495737968,7,0.981739193747
1495737969,8,0.980164520986
1495737970,8,0.974196578476
1495737971,7,0.986191949978
1495737972,7,0.979647939022
1495737973,7,0.980489780643
1495737974,7,0.977640147031
1495737975,7,0.982443782391
1495737976,7,0.979998143943
