1495737743,74,13.3296186499
1495737744,76,13.3199397001
1495737745,72,13.8527881083
1495737746,69,13.871577637
1495737747,68,13.8516792065
1495737748,206,10.3016054199
1495737749,72,13.596454186
1495737750,83,11.2792661292
1495737751,85,13.127962119
1495737752,73,12.8389324611
1495737753,217,10.8586015957
1495737754,122,15.3305779607
1495737755,75,12.7533947534
1495737756,75,13.9024770124
1495737757,91,12.3054368117
1495737758,75,13.1270393393
1495737759,74,13.1913984182
1495737760,72,13.5588494112
1495737761,81,12.6040959708
1495737762,90,11.5942659117
1495737763,95,13.3559903879
1495737764,117,12.865802978
1495737765,80,13.0066386621
1495737766,71,13.2548012386
1495737767,80,15.080230334
1495737768,77,13.6668469533
1495737769,69,14.6560640467
1495737770,88,12.7865796831
1495737771,75,13.7888561417
1495737772,94,10.3509203971
1495737773,313,10.6763051391
1495737774,85,10.9855652886
1495737775,106,8.66365630831
1495737776,96,10.2191530856
1495737777,84,10.3696766451
1495737778,154,13.6366841772
