1495445396,105,7.03232766458
1495445397,99,7.85028574344
1495445398,92,8.47259825546
1495445399,90,8.62657753036
1495445400,94,8.14508216797
1495445401,99,7.93664825466
1495445402,92,8.39651479776
1495445403,99,7.87648616957
1495445404,95,8.21410926932
1495445405,97,8.01219304769
1495445406,93,8.21437607295
1495445407,90,8.58998452104
1495445408,88,8.83142874297
1495445409,89,8.73596860088
1495445410,125,5.57661910109
1495445411,116,7.24267892822
1495445412,94,8.31887336673
1495445413,89,8.86092577078
1495445414,88,8.98324824699
1495445415,83,9.55621284221
1495445416,92,8.47925398201
1495445417,98,7.91729802692
1495445418,99,7.88929877871
1495445419,98,7.90511643717
1495445420,96,8.26118106339
1495445421,94,8.27060568563
1495445422,93,8.72693602148
1495445423,78,10.213408545
1495445424,89,8.90279755512
1495445425,82,9.6544014043
1495445426,102,7.81275087336
1495445427,177,8.60876969261
1495445428,179,9.07504492384
1495445429,187,8.16271214527
1495445430,172,8.74236527453
1495445431,161,4.93457819814
1495445432,110,7.79440738968
1495445433,99,7.89970721975
1495445434,96,7.44472694153
1495445435,121,7.14670639836
1495445436,158,4.59708634768
1495445437,193,3.88624845333
1495445438,187,3.82092487466
1495445439,127,6.33353430259
1495445440,92,8.62569638696
1495445441,91,8.72040191349
1495445442,98,7.91502645354
1495445443,95,8.3821463165
1495445444,96,8.21194627036
1495445445,86,9.43876004461
1495445446,96,8.14808672212
1495445447,89,8.94601564472
1495445448,64,13.1969637922
1495445449,72,10.9301538281
1495445450,103,7.69885983952
1495445451,87,9.27369845595
1495445452,90,8.89558940268
1495445453,96,8.37650565575
1495445454,89,8.87069146558
1495445455,110,7.28611359879
1495445456,93,8.87869947003
1495445457,76,10.8732293006
