1495735575,6,0.98624317144
1495735576,6,0.97897559845
1495735577,5,0.980224866926
1495735578,6,0.978277823415
1495735579,5,0.982392022242
1495735580,5,0.980187033795
1495735581,6,0.97982695291
1495735582,6,0.979044365549
1495735583,5,0.98024227579
1495735584,6,0.978715204591
1495735585,6,0.981525500689
1495735586,6,0.97995220877
1495735587,6,0.980604752694
1495735588,6,0.979026073021
1495735589,6,0.980043851394
1495735590,6,0.980150828134
1495735591,6,0.978328226057
1495735592,6,0.982259149535
1495735593,6,0.979722829361
1495735594,30,0.926512080725
1495735595,52,0.977873634155
1495735596,54,0.952789681162
1495735597,54,1.00915088644
1495735598,53,0.971793133368
1495735599,51,0.978551169741
1495735600,57,0.977594258204
1495735601,54,0.991339137551
1495735602,53,0.978205249825
1495735603,53,0.976184608052
1495735604,51,0.98837279883
1495735605,55,0.96752411553
1495735607,59,0.622002288932
1495735608,158,1.42007815109
1495735609,51,0.975013562106
1495735610,58,0.980661946814
1495735611,50,0.978075109284
1495735612,53,0.983213423687
1495735613,52,0.970464906592
1495735614,53,0.996555132168
1495735615,54,0.974323825592
1495735616,52,0.976609755927
1495735617,58,0.972182498016
1495735618,74,0.93276809851
1495735619,57,1.03548520806
1495735620,53,0.99563676438
1495735621,52,0.969657446357
1495735622,52,0.981096068264
1495735623,54,0.985931930417
1495735624,52,0.963901582652
1495735625,49,0.978045054606
1495735626,53,1.00936288021
1495735627,54,0.951941478791
1495735628,51,0.98421824091
1495735629,55,0.979426146151
1495735630,55,0.995143323306
1495735631,52,0.97164616294
1495735632,54,0.97500606095
1495735633,54,0.973006973085
1495735634,60,0.984020880777
1495735635,55,0.983254236322
1495735636,59,0.95082925857
1495735637,57,1.00771232213
1495735638,55,0.979927973459
1495735639,52,0.984306340239
1495735640,54,0.969311704783
1495735641,55,0.980470489659
1495735642,62,0.688426128414
1495735643,194,1.0826889115
1495735645,186,0.950663129973
1495735646,181,1.2430013145
1495735647,54,0.977055648355
1495735648,54,0.963628696096
1495735649,55,0.986964429477
1495735650,62,0.961448639102
1495735651,58,1.00878661337
1495735652,55,0.983602397733
1495735653,59,0.95870595172
1495735654,69,0.990919844939
1495735655,55,0.982037405788
1495735656,54,0.969806580404
1495735657,57,0.991736001825
1495735658,54,0.971244315274
1495735659,53,1.00920936923
1495735660,53,0.952788772991
1495735661,59,0.99206736625
1495735662,59,0.96515776236
1495735663,52,0.988178319317
1495735664,55,0.977710664845
1495735665,56,0.997940265556
1495735666,56,0.973428436248
1495735667,25,0.568626307872
1495735668,153,1.66297089108
1495735669,9,0.980273613303
1495735671,86,0.776144098071
1495735672,105,0.979962426086
1495735673,35,1.23323793599
1495735674,9,0.979444656735
1495735675,9,0.97930284951
1495735676,8,0.981389837597
1495735677,9,0.979268794087
1495735678,9,0.980154773493
1495735679,9,0.980323293169
1495735680,9,0.974070942706
1495735681,9,0.984967510149
1495735682,9,0.980535533967
1495735683,9,0.979757843942
1495735684,9,0.97979773115
1495735685,9,0.980731369274
1495735686,9,0.978105152825
1495735687,9,0.98176177895
1495735688,9,0.979338760856
1495735689,9,0.980619387435
1495735690,9,0.977427080561
1495735691,9,0.982589532831
1495735692,9,0.976599242835
1495735693,9,0.982663940526
1495735694,10,0.9758701103
1495735695,9,0.981185599266
1495735696,9,0.983492282373
1495735697,9,0.979769438726
1495735698,9,0.979719119353
1495735699,9,0.980760646752
1495735700,9,0.978207776992
1495735701,9,0.981309806982
1495735702,10,0.977323697158
1495735703,10,0.982269638179
1495735704,9,0.980724631054
1495735705,9,0.979128890537
