1495735595,54,15.8521577214
1495735596,52,16.7157097023
1495735597,55,15.7736642947
1495735598,54,16.168693722
1495735599,52,16.8387777159
1495735600,53,16.7140866201
1495735601,54,16.0495567741
1495735602,55,16.1143066761
1495735603,51,17.0814565459
1495735604,53,16.6135899031
1495735605,52,16.9839515452
1495735606,53,16.4499079122
1495735607,177,8.03999630988
1495735608,225,28.1455333926
1495735609,52,16.7402574155
1495735610,57,15.5321700242
1495735611,51,17.2879511413
1495735612,53,16.4956688884
1495735613,52,16.8446549978
1495735614,54,15.9649111108
1495735615,53,16.3985810557
1495735616,53,16.5563680783
1495735617,57,15.0465341933
1495735618,71,11.5599248091
1495735619,53,16.9828385933
1495735620,52,16.8306634601
1495735621,52,17.1198540989
1495735622,51,17.3488867444
1495735623,52,16.9385576256
1495735624,51,17.4832159805
1495735625,50,17.6275699463
1495735626,52,17.0168501632
1495735627,53,16.8447393329
1495735628,50,17.6748607768
1495735629,55,16.1511495561
1495735630,54,16.5403209658
1495735631,52,17.2717741328
1495735632,52,17.3158176691
1495735633,51,17.5509081139
1495735634,57,15.5703883437
1495735635,54,16.6598739586
1495735636,56,15.7158014533
1495735637,57,15.5842150047
1495735638,55,16.6820826595
1495735639,52,17.3828672149
1495735640,52,17.0726890051
1495735641,53,17.1652742837
1495735642,54,16.5510178735
1495735643,110,6.16596021301
1495735644,129,7.02141869648
1495735645,92,8.42114794735
1495735646,65,15.4731645365
1495735647,52,17.2262585935
1495735648,53,16.9433650895
1495735649,56,16.4426363175
1495735650,59,15.1398367909
1495735651,55,16.3894832664
1495735652,51,17.7780695339
1495735653,60,14.6352662827
1495735654,63,13.9293340969
1495735655,53,17.2932967523
1495735656,52,17.481340381
1495735657,55,16.6639029156
1495735658,53,16.7460855204
1495735659,53,16.9909580207
1495735660,57,15.483404302
1495735661,53,17.1707629493
1495735662,58,15.8257798515
1495735663,51,17.6719541724
1495735664,54,16.9114058674
1495735665,54,16.6533877079
