1495738752,6,0.985647170257
1495738753,5,0.962078948958
1495738754,125,0.832450663495
1495738755,7,0.978794812543
1495738756,7,0.978792035303
1495738757,5,0.981124204818
1495738758,7,0.981115368371
1495738759,5,0.979509781326
1495738760,5,0.980749028496
1495738761,6,0.974637417561
1495738762,6,0.982649244697
1495738763,5,0.98254055586
1495738764,5,0.979425190566
1495738765,5,0.980359279395
1495738766,5,0.980181927706
1495738767,5,0.975774646294
1495738768,6,0.982759824108
1495738769,9,0.981243279838
1495738770,7,0.980408039141
1495738771,6,0.963843078397
1495738773,5,0.99407198246
1495738774,7,0.961751818642
1495738775,6,1.00042795139
1495738776,5,0.979700569736
1495738777,17,0.661665571471
1495738778,24,0.602899285618
1495738779,23,0.909566148162
1495738780,22,0.94191633708
1495738781,24,0.933204603295
1495738782,28,0.916887997635
1495738783,23,0.912295008687
1495738784,28,0.895815931155
1495738785,93,0.558342372208
1495738786,167,1.34680529689
1495738787,24,0.937457357929
1495738788,21,0.906577267758
1495738789,29,0.897717749401
1495738790,29,0.945295603468
1495738791,22,0.899948132241
1495738792,26,0.920102084536
1495738793,22,0.885446375854
1495738794,26,0.921701675004
1495738795,18,0.963572351887
1495738796,15,0.907751213738
1495738797,15,0.918635783184
1495738798,32,0.891348223403
1495738799,23,0.952496432069
1495738800,25,0.918522833326
1495738801,26,0.963809265143
1495738802,25,0.914441606306
1495738803,23,0.907046881848
1495738804,22,0.943697261616
1495738805,23,0.902251579729
1495738806,21,0.938250638978
1495738807,21,0.934911596795
1495738808,26,0.936021609683
1495738809,25,0.897185352743
1495738810,27,0.927603003249
1495738811,22,0.918025198855
1495738812,23,0.956440470834
1495738813,22,0.915746080644
1495738815,26,0.548498168885
1495738816,29,0.998996425784
1495738817,34,0.946988850665
1495738818,22,0.850509487547
1495738819,25,0.954261073001
1495738820,25,0.901774111057
1495738821,22,0.904798818111
1495738822,25,0.951113610566
1495738823,23,0.881316491648
1495738824,23,0.920136397155
1495738825,22,0.902871162713
1495738826,21,0.872157617426
1495738827,21,0.894499370817
1495738828,27,0.883831783325
1495738829,24,0.914498574889
1495738830,34,0.905733789515
1495738831,28,0.973823357455
1495738832,23,0.919160339437
1495738833,24,0.888016100955
1495738834,25,0.895199861838
1495738835,25,0.968437443852
1495738836,21,0.922314375232
1495738837,25,0.881327151344
1495738838,25,0.947150755952
1495738839,24,0.933304674601
1495738840,22,0.902213853837
1495738841,25,0.943143656507
1495738842,27,0.92809395185
1495738843,20,0.882485366952
1495738844,22,0.958624240417
1495738845,20,0.926020270213
1495738846,24,0.929254018816
1495738847,21,0.903766762216
1495738848,22,0.933810649623
1495738849,25,0.874863858203
1495738850,30,0.918228597328
1495738851,21,0.91215391746
1495738852,22,0.88703524169
1495738853,22,0.890947268337
1495738854,26,0.962576158975
1495738855,21,0.908370283716
1495738856,23,0.905536446942
1495738857,21,0.961351033084
1495738858,29,0.905603180204
1495738859,22,0.929911077396
1495738860,21,0.938889137061
1495738861,24,0.951212531911
1495738862,24,0.870728668557
1495738863,28,0.928147144546
1495738864,23,0.883615744518
1495738865,23,0.93934633392
1495738866,24,0.907998822774
1495738867,24,0.924797438824
1495738868,25,0.894221138663
1495738869,24,0.917578985279
1495738870,25,0.87912337478
1495738871,21,0.936403807079
1495738872,24,0.89652553473
1495738873,23,0.907279987637
1495738874,27,0.918650441608
1495738875,39,0.523539603978
1495738876,27,0.908532044098
1495738877,21,0.980451694839
1495738878,24,0.88638328847
1495738879,24,0.946615560538
1495738880,23,0.917420370843
1495738881,25,0.888316695099
1495738882,25,0.952983562409
1495738883,56,0.855548692137
1495738884,24,0.907598949936
1495738885,24,0.964474637434
1495738886,22,0.961785259682
1495738888,116,0.456569150717
1495738889,233,1.25416785599
1495738890,52,1.10002494388
1495738891,28,0.949246281739
1495738892,24,0.948136592756
1495738893,23,0.913484799291
1495738894,26,0.943998266126
1495738895,23,0.925380485316
1495738896,22,0.874691687986
1495738897,23,0.925991718935
1495738898,24,0.869048050461
1495738899,17,0.916485418319
1495738900,13,0.910517519758
1495738901,22,0.927806075907
1495738902,26,0.903771595984
1495738903,22,0.829881414519
1495738904,21,0.917833565571
1495738905,20,0.929874977315
1495738906,20,0.964135900492
1495738907,21,0.895824310999
1495738908,23,0.912186489694
1495738909,22,0.946005702438
1495738910,27,0.922360131794
1495738911,21,0.906859696272
1495738912,21,0.916159336024
1495738913,22,0.929033131791
1495738914,20,0.935403390582
1495738915,22,0.912980590689
1495738916,21,0.891283413062
1495738917,22,0.905027288061
1495738918,25,0.886048544495
1495738919,23,0.927851662368
1495738920,20,0.958234358226
1495738921,22,0.857832247528
1495738922,24,0.936810747567
1495738923,13,0.981967654884
1495738924,4,0.979501205707
1495738925,5,0.978077189162
1495738926,4,0.982388991411
1495738927,5,0.977697180575
1495738928,5,0.981565299208
1495738929,5,0.98086196961
1495738930,5,0.973577327159
1495738931,4,0.986544969145
1495738932,5,0.979376760243
1495738933,5,0.980303792061
1495738934,5,0.980037122618
1495738936,13,0.632675246011
1495738937,86,1.36028678797
1495738938,5,0.977290702149
1495738939,6,0.984111180371
1495738940,5,0.981344702447
1495738941,4,0.980243436403
1495738942,4,0.979584650542
1495738943,5,0.9805483085
1495738944,5,0.979420324145
1495738945,4,0.980995626954
1495738946,4,0.979242617038
1495738947,4,0.980510218149
1495738948,4,0.977079632963
1495738949,4,0.981423808025
1495738950,6,0.977297623994
1495738951,5,0.984068835752
1495738952,5,0.980035034396
1495738953,5,0.976925829044
1495738954,5,0.982981057611
1495738955,5,0.976447432731
1495738956,4,0.983500227015
