1495454989,47,10.8849290533
1495454990,46,11.5564671861
1495454991,45,11.7150679499
1495454992,45,11.6873908239
1495454993,69,11.6338962756
1495454994,136,16.7837618181
1495454995,132,16.8890733462
1495454996,132,17.1846115622
1495454997,119,17.9327706946
1495454998,52,10.0997655631
1495454999,52,10.2201768333
1495455000,56,9.33045751348
1495455001,51,10.1692859785
1495455002,52,10.0609153111
1495455003,54,9.72197377831
1495455004,53,9.87954237115
1495455005,52,10.1670419857
1495455006,52,9.98918442767
1495455007,52,10.2367683148
1495455008,52,9.96237181223
1495455009,53,9.88610031037
1495455010,53,9.94517377827
1495455011,56,9.29471436199
1495455012,54,9.79960523139
1495455013,53,9.93054860597
1495455014,52,10.037040984
1495455015,53,9.91194621952
1495455016,53,9.88858288595
1495455017,53,9.89846619758
1495455018,55,9.55819931448
1495455019,53,10.0138800685
1495455020,53,9.88004876818
1495455021,53,9.91991703855
1495455022,58,9.17356494971
1495455023,52,10.0138693742
1495455024,52,10.068610745
1495455025,54,9.6665844996
1495455026,53,9.90786525153
1495455027,53,9.95204987613
1495455028,53,9.80566160223
1495455029,54,9.82697188168
1495455030,53,9.96731076652
1495455031,53,9.82919150327
1495455032,54,9.72210819601
1495455033,51,9.63453993707
1495455034,52,10.5821425201
1495455035,50,10.5611170192
1495455036,57,9.26513983421
1495455037,53,10.0013157217
1495455038,76,6.57218443284
1495455039,82,6.44865501627
1495455040,84,5.63233113874
1495455041,108,5.0093093606
1495455042,105,5.23017265936
1495455043,57,9.94707074546
1495455044,56,9.0005840246
1495455045,56,9.79024755803
1495455046,55,9.45199269101
1495455047,54,9.84337071727
1495455048,54,9.60018997134
1495455049,53,9.87145002911
1495455050,53,9.80926742217
1495455051,53,9.89889092818
1495455052,52,9.98595240591
1495455053,53,9.78989553593
1495455054,51,10.2600702398
1495455055,52,10.0339503341
1495455056,57,9.27936052723
1495455057,53,9.93597245602
1495455058,51,10.2428346848
