1495454970,12,0.98675003367
1495454971,9,0.979608064008
1495454972,8,0.968360644348
1495454973,7,0.991585441039
1495454974,7,0.978653193415
1495454975,7,0.981620929447
1495454976,10,0.980436136245
1495454977,10,0.979694773125
1495454978,9,0.967159201445
1495454979,8,0.993161246367
1495454980,9,0.975323306063
1495454981,7,0.984370240321
1495454982,7,0.980346741958
1495454983,13,0.704827798956
1495454984,46,1.27699398147
1495454986,19,0.736362870235
1495454987,94,0.992749749498
1495454988,109,1.2353487703
1495454989,47,0.917803817177
1495454990,49,0.978497043367
1495454991,55,0.974267777944
1495454992,51,0.967233841408
1495454993,50,1.00234937473
1495454994,42,0.950412714529
1495454995,41,1.01163202896
1495454996,41,0.914704144128
1495454997,46,1.00270785121
1495454998,65,0.937105350595
1495454999,56,0.976170268329
1495455000,63,0.94437774732
1495455001,64,1.00798704017
1495455002,59,0.975843982813
1495455003,55,0.979065669102
1495455004,62,0.97389517132
1495455005,60,0.97726174553
1495455006,55,0.98255459595
1495455007,57,0.976720487203
1495455008,61,0.963160830405
1495455009,59,0.993983180516
1495455010,59,0.962169225528
1495455011,73,0.982694127721
1495455012,58,0.973736004782
1495455013,57,0.984948490038
1495455014,56,0.972565519753
1495455015,77,0.975072008231
1495455016,62,0.986424226317
1495455017,56,0.974832407804
1495455018,57,0.964524706822
1495455019,59,0.992430235157
1495455020,58,0.986003264256
1495455021,53,0.972921391133
1495455022,82,0.973775856047
1495455023,57,0.979730120638
1495455024,56,0.978399794157
1495455025,57,0.97871543599
1495455026,54,0.981398446318
1495455027,57,0.980349528028
1495455028,57,0.978307884607
1495455029,58,0.975057538599
1495455030,52,0.962884634441
1495455031,57,0.982613632656
1495455032,130,0.965504179905
1495455033,59,0.975121458315
1495455034,52,0.996251350149
1495455035,55,0.967371496436
1495455037,63,0.741856597868
1495455038,100,0.797579120203
1495455039,186,1.32446877605
1495455040,243,0.87847821743
1495455042,214,0.744708147071
1495455043,286,1.66856520904
1495455044,59,0.99210686211
1495455045,124,0.967622266794
1495455046,59,0.998004972194
1495455047,58,0.967653031384
1495455048,58,0.973268691012
1495455049,58,0.988592516624
1495455050,54,0.997520114521
1495455051,59,0.943077695234
1495455052,57,0.97293800058
1495455053,57,0.984543714825
1495455054,58,0.988724241641
1495455055,55,0.951808052043
1495455056,64,0.973304204758
1495455057,57,0.986809311316
1495455058,54,0.984395755859
1495455059,56,0.974171616957
1495455060,18,1.03563768589
1495455061,7,0.981573212749
1495455062,8,0.976482213579
1495455063,8,0.981352612431
1495455064,9,0.974569389441
1495455065,12,0.944932872683
1495455066,12,0.754777957403
1495455067,63,1.25990791602
1495455068,10,1.00136405577
1495455069,8,0.978059626026
1495455070,7,0.959442624357
1495455071,13,0.993466446991
1495455072,14,0.954943704131
1495455073,15,1.01723431578
1495455074,13,0.972760204227
1495455075,7,0.983569864962
1495455077,11,0.766644291269
1495455078,36,1.23306043197
1495455079,10,0.879073620893
1495455080,13,1.06855309094
1495455081,7,0.983701222426
1495455082,5,0.97992321151
1495455083,7,0.980478168804
1495455084,7,0.979898855137
1495455085,13,0.980125532176
1495455086,6,0.979668341447
1495455087,7,0.947201762236
1495455088,6,1.00126870783
1495455089,9,0.992098868647
1495455090,9,0.979725611885
1495455091,10,0.965970107459
1495455092,7,0.993801794633
1495455093,10,0.979517661757
1495455094,12,0.958641204576
1495455095,11,1.00210665846
1495455096,7,0.944225427681
1495455097,8,1.00302879822
1495455098,9,0.990595569748
