1495454870,52,0.984095271468
1495454871,6,0.981662132474
1495454872,8,0.975712333088
1495454873,13,0.982990861399
1495454874,14,0.98105212266
1495454875,13,0.977706879249
1495454876,7,0.955024437849
1495454877,33,1.00718010743
1495454878,10,0.98026479217
1495454879,7,0.949133391175
1495454880,8,1.01254540694
1495454881,8,0.952051477202
1495454882,8,1.00754924166
1495454883,7,0.936094856863
1495454884,8,1.02512961339
1495454885,6,0.979001761225
1495454886,6,0.980458661533
1495454887,7,0.980226955957
1495454888,9,0.980807354918
1495454889,7,0.979352431027
1495454890,7,0.980113000718
1495454891,11,0.980650516749
1495454892,7,0.979826025209
1495454894,13,0.627359896343
1495454895,98,1.39285894484
1495454896,9,1.03228899901
