1495736132,17,0.97488026305
1495736133,19,0.98492438877
1495736134,17,0.975511618716
1495736135,13,0.989747811191
1495736136,27,0.974196578476
1495736137,43,0.977866935147
1495736138,14,0.98181254124
1495736139,15,0.891128904332
1495736140,21,1.07219250004
1495736141,20,0.986030331809
1495736142,14,0.933557312145
1495736143,24,1.01810602084
1495736144,13,0.979110363264
1495736145,16,0.981374016556
1495736146,14,0.980017434767
1495736147,14,0.983835420899
1495736149,16,0.760903930543
1495736150,53,1.22302908169
1495736151,12,0.980715801803
1495736152,13,0.979461342638
1495736153,14,0.979271805696
1495736154,105,0.834292051878
1495736155,110,1.06564080958
1495736156,61,0.991872989007
1495736157,102,0.953686522799
1495736158,177,0.992277830292
1495736159,92,0.9851283962
1495736160,67,0.980747593015
1495736161,73,0.872766011314
1495736162,111,1.08608543087
1495736163,58,0.976431863805
1495736164,87,0.970606315885
1495736165,59,0.986556719904
1495736166,101,0.937599659828
1495736167,77,1.03863060561
1495736168,98,0.981713862825
1495736169,101,0.967838096982
1495736170,147,1.00303301828
1495736171,60,0.946453408324
1495736172,135,0.982676366931
1495736173,74,0.950486915353
1495736174,62,0.925374336415
1495736175,150,1.00714158218
1495736176,135,1.04200563791
1495736177,137,0.786949378654
1495736178,213,1.177144966
1495736179,112,0.993153536948
1495736180,61,0.978463134917
1495736181,86,0.859407811618
1495736182,153,0.903920842153
1495736183,136,1.19487880596
1495736184,83,0.918548717411
1495736185,66,1.00775893426
1495736186,60,1.0139507696
1495736187,85,0.986911887874
1495736189,76,0.596752947225
1495736190,382,1.13911014142
1495736191,148,1.2337352619
1495736192,85,1.00898135448
1495736193,89,0.954871736242
1495736194,143,0.914479556977
1495736195,71,1.03968845851
1495736196,74,0.966357422824
1495736197,118,1.00096129361
1495736198,106,0.975823871184
1495736199,72,0.997208380575
1495736200,97,0.969520015155
1495736201,87,0.972855704782
1495736202,87,1.00341087543
1495736203,94,0.761408768458
1495736204,94,1.24011153176
1495736205,82,0.729264582066
1495736206,106,1.24866102134
1495736207,130,0.92070710201
1495736209,106,0.397183293699
1495736210,579,1.24422631037
1495736211,190,1.42831410253
1495736212,101,1.06516381828
1495736214,75,0.718128971205
1495736215,112,1.29550660926
1495736216,64,0.972595700769
1495736217,77,0.981459298404
1495736218,190,0.990176895352
1495736219,70,0.981803459527
1495736220,88,0.960829039959
1495736221,67,0.777607458684
1495736222,118,1.19518541781
1495736223,63,0.998498101872
1495736224,73,0.976035080935
1495736225,74,0.977652846233
1495736226,87,0.772214173113
1495736227,191,0.933190616916
1495736228,174,1.02581182348
1495736229,106,1.20698687342
1495736230,118,0.962457732789
1495736231,78,0.636094007771
1495736232,138,1.43609353028
1495736233,76,0.944155417276
1495736234,62,0.999540933721
1495736236,83,0.666505933235
1495736237,118,1.31128591413
1495736238,85,0.955330352492
1495736239,76,0.970179686863
1495736240,75,0.991835861513
1495736241,187,0.727338827042
1495736242,248,0.828926955376
1495736243,269,1.33455398524
1495736244,162,0.838490677378
1495736245,120,1.20666254543
1495736246,78,1.01619810242
1495736247,78,0.974569268127
1495736248,88,0.984907708424
1495736249,243,0.75118725687
1495736250,153,1.14721876174
1495736251,99,1.07148170337
1495736252,84,0.999484864896
1495736253,50,1.04124523287
1495736254,18,0.942868542657
1495736255,16,1.00835748674
1495736256,15,0.982536379023
1495736257,27,0.979613859594
1495736258,13,0.978898738919
1495736259,17,0.814928973275
1495736260,35,1.14975816522
1495736261,19,0.974242497463
1495736262,17,0.974024768553
1495736263,15,0.986346139982
1495736264,14,0.977292547965
1495736265,14,0.982302037849
1495736266,15,0.984589155134
1495736267,12,0.975423032967
1495736268,18,0.94130763376
1495736269,19,1.01272268442
