1495739249,6,0.984096441223
1495739250,7,0.96801501903
1495739251,6,0.993973093191
1495739252,6,0.979256284526
1495739253,7,0.980372745888
1495739254,6,0.979874499975
1495739255,6,0.979456244107
1495739256,5,0.980268738447
1495739257,6,0.980413844196
1495739258,6,0.973875695996
1495739259,6,0.985674864353
1495739260,5,0.980426615559
1495739261,6,0.979807471543
1495739262,6,0.979820922881
1495739263,6,0.980453784836
1495739264,6,0.974642500336
1495739265,6,0.985366796525
1495739266,6,0.980479097741
1495739267,6,0.977186194205
1495739268,5,0.982295044933
1495739269,6,0.980055452948
1495739270,7,0.98009049131
1495739271,6,0.979679006689
1495739272,6,0.980327007754
1495739273,6,0.980402001957
1495739274,36,0.924267998885
1495739275,49,1.00164314334
1495739276,43,0.967270003138
1495739277,46,0.971259583502
1495739278,54,0.915147522128
1495739279,45,1.0566170144
1495739280,41,0.983615801157
1495739281,42,0.976808952006
1495739282,45,0.981093045424
1495739283,44,0.984479334358
1495739284,43,0.987792585956
1495739285,47,0.97402814951
1495739286,44,0.966207524828
1495739287,43,0.975848945584
1495739288,44,0.99467211216
1495739289,47,0.971886907142
1495739290,46,0.96947578661
1495739291,40,0.998911862242
1495739292,47,0.975879240259
1495739293,46,0.973522610794
1495739294,44,0.997792346723
1495739295,44,0.948903186671
1495739296,58,0.982652148707
1495739297,48,1.00063745257
1495739298,47,0.96681140157
1495739299,46,0.983878680822
1495739300,27,1.00727380355
1495739301,14,0.967194401707
1495739302,39,0.400008235042
1495739303,197,1.26659278743
1495739304,122,1.21494598526
1495739305,49,0.9819215506
1495739306,50,0.971071461624
1495739307,47,0.993071533943
1495739308,44,0.968092734393
1495739309,70,0.981716855484
1495739311,69,0.972332412381
1495739312,63,0.97518688294
1495739313,55,0.936728997312
1495739314,59,1.00207074429
1495739315,58,1.01717243628
1495739316,45,0.972022009694
1495739317,51,0.980734389885
1495739318,52,0.948907866025
1495739319,48,1.01180022108
1495739320,51,0.982305461823
1495739321,57,0.987527819155
1495739322,63,0.931383491147
1495739323,56,1.01148759036
1495739324,55,0.973733919631
1495739325,53,0.991175735861
1495739326,49,0.938380273213
1495739327,52,1.01792508571
1495739328,49,0.981617624043
1495739329,49,0.978033630419
1495739330,142,0.974643297267
1495739331,51,0.996657562342
1495739332,45,0.970499262546
1495739333,49,0.994114119304
1495739334,50,0.954696475101
1495739335,51,0.978762875239
1495739336,52,1.00367011931
1495739337,51,0.963428240738
1495739338,61,0.589145507919
1495739339,113,1.37510647359
1495739340,50,0.976906693413
1495739341,49,0.969875070949
1495739342,46,1.00136099234
1495739343,48,0.974566285372
1495739344,48,0.963544352398
1495739345,47,0.998141787746
1495739346,54,0.97521569044
1495739347,66,0.976200769197
1495739348,47,0.992606003301
1495739349,66,0.937866690204
1495739350,59,1.01865792846
1495739351,50,0.981150808135
1495739352,55,0.977733726741
1495739353,55,0.95725499582
1495739354,53,0.996592999655
1495739355,54,0.983598143588
1495739356,72,0.966478785894
1495739357,58,0.974402784008
1495739358,67,0.994203708031
1495739359,58,0.966259397904
1495739360,51,0.995797803245
1495739361,56,0.974441255565
1495739363,48,0.985176968137
1495739364,45,0.948734320934
1495739365,46,1.01437615833
1495739366,39,0.985487842098
1495739367,41,0.970003953107
1495739368,41,0.983949386736
1495739369,50,0.979159966929
1495739370,68,0.973209440451
1495739371,66,0.940690144691
1495739372,50,1.0146495384
1495739373,42,0.963303432531
1495739374,51,1.00292020914
1495739375,55,0.996474585144
1495739376,40,0.974459606555
1495739377,48,0.960614802592
1495739378,48,0.950834175163
1495739379,43,1.03296075891
1495739380,40,0.972216448153
1495739381,57,0.978754562313
1495739382,205,0.706514494699
1495739383,72,1.29571822004
1495739384,17,0.906963564779
1495739385,22,0.759643150202
1495739386,173,0.642954277029
1495739387,307,1.50846870465
1495739388,52,0.943395781239
1495739389,98,1.03926166126
1495739390,8,1.00303568979
1495739391,7,0.980494657698
1495739392,6,0.980223010017
1495739393,6,0.980377853965
1495739394,6,0.980482116798
1495739395,6,0.979163862677
1495739396,6,0.980579433301
1495739397,6,0.980152916849
1495739398,7,0.978908461446
1495739399,7,0.96739010702
1495739400,7,0.978610885672
1495739401,7,0.984916421103
1495739402,7,0.989258084792
1495739403,6,0.97546185991
1495739404,6,0.985344279699
1495739405,6,0.97911846886
1495739406,7,0.979698482948
1495739407,7,0.980815256242
1495739408,6,0.980441012766
1495739409,7,0.977463777698
1495739410,8,0.981978370249
1495739411,6,0.980495586666
1495739412,7,0.979211345408
1495739413,7,0.980396197043
1495739414,7,0.977699258846
1495739415,6,0.981146761734
1495739416,9,0.98108444206
1495739417,7,0.978577541169
1495739418,8,0.981123274658
1495739419,7,0.980354403687
1495739420,7,0.97867841343
1495739421,7,0.981075606329
1495739422,7,0.979801673667
1495739423,8,0.979467136487
1495739424,7,0.981363314377
1495739425,6,0.979070532
1495739426,6,0.980046867772
1495739427,6,0.980511147146
1495739428,7,0.978178882875
1495739429,7,0.980393410708
1495739430,8,0.981129088186
1495739431,7,0.980422668011
1495739432,6,0.980058469397
1495739433,7,0.979274585658
