1495739274,169,114.278078816
1495739275,163,140.745985767
1495739276,165,131.787982186
1495739277,164,134.103146483
1495739278,198,112.263903754
1495739279,155,142.880964999
1495739280,154,145.397640065
1495739281,154,144.127982373
1495739282,167,130.619906776
1495739283,160,140.62134878
1495739284,160,137.128765673
1495739285,170,132.153007955
1495739286,162,137.339660244
1495739287,162,135.791042698
1495739288,160,141.153833409
1495739289,173,126.408112092
1495739290,170,127.82009786
1495739291,154,148.508411215
1495739292,170,128.806815324
1495739293,167,131.729270822
1495739294,165,136.39353017
1495739295,160,138.584872871
1495739296,197,103.007814258
1495739297,190,123.893853748
1495739298,175,126.036409343
1495739299,165,133.197120421
1495739300,181,53.7161713248
1495739301,431,7.7683523189
1495739302,518,7.94320680449
1495739303,746,19.0539638335
1495739304,257,108.724280208
1495739305,180,122.186062136
1495739306,184,119.478956301
1495739307,170,128.826990619
1495739308,166,133.276629954
1495739309,241,87.6538804936
1495739310,242,91.658720452
1495739311,223,94.844000555
1495739312,201,107.926392868
1495739313,213,103.470392313
1495739314,214,101.368516205
1495739315,167,134.757657641
1495739316,184,116.941558915
1495739317,182,121.807553191
1495739318,185,118.495416457
1495739319,183,118.813792689
1495739320,210,104.875516996
1495739322,202,102.050812481
1495739323,218,103.829151324
1495739324,203,105.718194254
1495739325,201,111.085648238
1495739326,174,125.765986034
1495739327,187,118.290109749
1495739328,180,121.406658335
1495739329,177,124.623426668
1495739330,226,94.2909884225
1495739331,202,109.177101567
1495739332,161,138.522644346
1495739333,167,132.653585896
1495739334,180,122.264808421
1495739335,194,112.705551169
1495739336,190,115.100794238
1495739337,191,113.440577577
1495739338,184,117.091335099
1495739339,227,98.1181290387
1495739340,181,121.14014177
1495739341,187,117.186985962
1495739342,187,118.403072935
1495739343,164,134.636027603
1495739344,180,123.172069825
1495739345,179,121.906658313
1495739346,171,127.476149346
1495739347,219,96.0208960996
1495739348,197,116.816345799
1495739349,171,128.128244588
1495739350,237,91.213666053
1495739351,203,104.389805451
1495739352,186,119.21708499
1495739353,200,111.753865402
1495739354,195,109.420334749
1495739355,185,119.708305941
1495739356,201,106.237569548
1495739357,253,87.4764633442
1495739358,216,96.4164933972
1495739359,237,95.0208782776
1495739360,211,102.139755231
1495739361,187,119.36228437
1495739362,199,109.07260453
1495739363,173,130.399750201
1495739364,162,129.207447855
1495739365,168,139.279957012
1495739366,157,141.371858575
1495739367,152,147.030350945
1495739368,153,145.893414043
1495739369,178,122.356791818
1495739370,222,97.6603020376
1495739371,222,96.5173375435
1495739372,183,122.630133383
1495739373,152,145.654256942
1495739374,176,124.019722571
1495739375,201,111.650458171
1495739376,149,148.821542881
1495739377,168,131.687676696
1495739378,167,129.797494762
1495739379,166,137.640869234
1495739380,147,150.031342072
1495739381,188,117.533747079
1495739382,188,117.278575621
1495739383,192,100.058020938
1495739384,349,7.40653178806
1495739385,421,8.14535021078
1495739386,321,39.7122631478
1495739387,215,103.18590394
1495739388,200,113.40260712
1495739389,250,83.3390727839
