1495737187,87,9.94067445905
1495737188,76,12.0400974675
1495737189,93,9.42127482239
1495737190,85,10.6208798288
1495737191,79,11.4273617238
1495737192,83,10.3851140873
1495737193,79,11.5702155507
1495737194,84,10.9453455561
1495737195,84,10.8102469871
1495737196,97,9.09665804665
1495737197,79,11.817547536
1495737198,87,9.96151337531
1495737199,80,11.6921374455
1495737200,80,11.4116214165
1495737201,80,11.3607584978
1495737202,91,9.82049894155
1495737203,75,12.0907110914
1495737204,81,11.2794297142
1495737205,73,12.6178183461
1495737206,82,11.1633019737
1495737207,80,11.9310395744
1495737208,74,12.2977842345
1495737209,115,7.92646715822
1495737210,96,9.01172586716
1495737211,90,10.5024218498
1495737212,84,10.6937869358
1495737213,96,9.27485038249
1495737214,96,9.41183188019
1495737215,78,11.695988851
1495737216,75,12.3570923497
1495737217,76,11.7900045529
1495737218,93,9.63175303197
1495737219,73,12.961285429
1495737220,83,10.6412214357
1495737221,78,10.7331560862
1495737222,95,10.1798179277
1495737223,72,12.5498894839
1495737224,95,9.1827851857
1495737225,80,11.3338403172
1495737226,79,11.5200740268
1495737227,73,12.9358971518
1495737228,73,12.5456414161
1495737229,87,10.4693029082
1495737230,90,9.63797484078
1495737231,76,12.3397026427
1495737232,74,12.3726505467
1495737233,102,7.5782861375
1495737235,214,3.53708719313
1495737236,268,4.31487864046
1495737237,76,11.6847778463
1495737238,73,10.6723820305
1495737239,103,9.74418677826
1495737240,74,12.4177484082
1495737241,75,12.3209735919
1495737242,88,9.7852057009
1495737243,84,10.9702395487
1495737244,130,12.0741433365
1495737245,133,12.6277573952
1495737246,140,14.9473091973
1495737247,77,11.7274859376
1495737248,79,11.547440214
1495737249,81,11.2136210651
1495737250,81,11.3095127729
1495737251,87,10.5400432542
1495737252,74,11.8046794023
1495737253,80,11.4818993421
1495737254,105,8.53290425745
1495737255,78,11.9579824759
1495737256,79,11.2906246454
1495737257,86,11.0000963034
1495737258,98,8.70216057844
1495737259,84,10.6442724949
1495737260,91,9.99881805253
1495737261,75,12.2013310018
1495737262,75,12.0918274343
1495737263,90,10.2946055183
