1495737156,7,0.983101284236
1495737157,8,0.980995626954
1495737158,9,0.981309574354
1495737159,7,0.967099388694
1495737160,13,0.940601817385
1495737161,14,1.03019126363
1495737162,11,0.983311926795
1495737163,6,0.979918340138
1495737164,9,0.971777848361
1495737165,8,0.988377610788
1495737166,16,0.743478667373
1495737167,109,0.980145327399
1495737168,89,1.23314888371
1495737169,10,0.911802889002
1495737170,14,1.04829830755
1495737171,8,0.979988399759
1495737172,6,0.976253534613
1495737173,6,0.983701923717
1495737174,11,0.955115402931
1495737175,8,1.00509718361
1495737176,6,0.980044779508
1495737177,7,0.966926121522
1495737178,10,0.990184623681
1495737179,7,0.974009518635
1495737180,9,0.988717470091
1495737181,7,0.978764958043
1495737182,8,0.980871731174
1495737183,7,0.980618458232
1495737184,7,0.979955224584
1495737185,7,0.980095364393
1495737186,10,0.794229362729
1495737187,94,1.11080603168
1495737188,69,0.93809266457
1495737189,107,1.03669568889
1495737190,80,0.941583307637
1495737191,70,1.00050431694
1495737192,80,1.00198119439
1495737194,75,0.956007184044
1495737195,72,1.00899664158
1495737196,83,0.968867772793
1495737197,136,0.975219255416
1495737198,74,0.93255033064
1495737199,81,1.01779759166
1495737200,71,0.993708268572
1495737201,76,0.984454935114
1495737202,77,0.969483945217
1495737203,94,0.975912687902
1495737204,81,1.00120875543
1495737205,64,0.979807213858
1495737206,73,0.965831308958
1495737207,74,1.00702749916
1495737208,68,0.933807212157
1495737209,76,0.836136168929
1495737210,148,1.15873485072
1495737211,108,0.855266466763
1495737212,88,1.09450124807
1495737213,106,1.01968799354
1495737214,105,0.898225444629
1495737215,73,1.02879728081
1495737216,70,0.978196450295
1495737217,71,0.996411497048
1495737218,88,0.948603772636
1495737219,68,1.00382418391
1495737220,70,0.776681258531
1495737221,93,1.17987913092
1495737222,113,0.992237827027
1495737223,66,0.972433600341
1495737224,101,0.814565604591
1495737225,91,1.15970090557
1495737226,74,0.984333345269
1495737227,66,0.985923758583
1495737228,65,0.983448215305
1495737229,158,0.961945922807
1495737230,84,0.989374367432
1495737232,69,0.988007905838
1495737233,66,0.977874481162
1495737234,167,0.707068050039
1495737235,250,1.09765535271
1495737236,267,1.2199228174
1495737237,66,0.96980841895
1495737238,153,0.962595398414
1495737239,70,1.00081502794
1495737240,69,0.973447412175
1495737241,65,0.988887307727
1495737242,362,0.98239112897
1495737243,72,0.978136229189
1495737244,53,0.98376996679
1495737245,63,1.00464649945
1495737246,71,0.947891316578
1495737247,71,0.988107974883
1495737248,74,0.960414655216
1495737249,132,0.77768844431
1495737250,165,0.999113747115
1495737251,124,1.19130384213
1495737252,80,0.984072812716
1495737253,90,0.974887675954
1495737254,75,0.986647255587
1495737255,76,0.980810913892
1495737256,100,0.981113508087
1495737257,99,0.896498749014
1495737258,84,1.04808114979
1495737260,82,0.995620601852
1495737261,72,0.982543988543
1495737262,70,0.983809729484
1495737263,101,0.963841120525
1495737264,38,1.05626062749
1495737265,7,0.978163396331
1495737266,7,0.960656775551
1495737267,7,1.00014552382
1495737268,7,0.981272587887
1495737269,10,0.979999303978
1495737270,17,0.966652235257
1495737271,12,0.993539770211
1495737272,9,0.979983527739
1495737273,8,0.97715620709
1495737274,8,0.959056691366
1495737275,9,1.00398953988
1495737276,7,0.980070303339
1495737277,15,0.971097805035
1495737278,12,0.988610538605
1495737279,10,0.98015198853
1495737280,7,0.974808955567
1495737281,13,0.975338739787
1495737282,12,0.989914672068
1495737283,7,0.973690604748
1495737284,8,0.986301448197
1495737285,9,0.979939681743
1495737286,9,0.970408386835
1495737287,10,0.989640890671
1495737288,6,0.979979583759
1495737289,9,0.977726277173
1495737290,16,0.982409741319
1495737291,7,0.979884241895
