1495738322,8,0.982457306212
1495738323,8,0.980451694839
1495738324,52,0.709692093595
1495738325,45,1.2715094309
1495738326,9,0.988772345663
1495738327,8,0.978630982369
1495738328,10,0.981729414909
1495738329,8,0.980104182476
1495738330,10,0.980015544754
1495738331,8,0.980075872351
1495738332,8,0.979086278856
1495738333,12,0.976256297465
1495738335,13,0.863322142464
1495738336,22,1.08726981585
1495738337,26,0.969419262319
1495738338,10,0.979311653338
1495738339,8,0.973872949235
1495738340,8,0.987276775239
1495738341,8,0.980132262166
1495738342,94,0.957302333836
1495738343,9,0.980235544289
1495738344,7,0.980224866926
1495738345,23,0.957748132772
1495738346,7,0.980042923281
1495738347,7,0.980000928031
1495738348,66,0.875467491125
1495738350,102,0.315209269671
1495738351,430,2.08784268266
1495738352,73,0.83056204661
1495738353,113,1.11384000788
1495738355,92,0.995744533987
1495738356,62,0.973161136846
1495738357,128,0.971420954712
1495738358,79,0.540945649485
1495738359,409,0.860933437091
1495738360,216,1.22619011555
1495738361,83,0.69864039261
1495738362,123,1.30343849616
1495738363,86,0.981143519097
1495738364,108,0.755096527714
1495738367,301,0.105478174701
1495738368,767,3.63965883078
1495738369,136,0.962799103698
1495738371,85,0.819005845471
1495738372,185,0.976184083138
1495738373,164,1.01776491499
1495738374,176,0.821627177353
1495738375,204,1.24790229162
1495738376,72,1.07491403171
1495738377,105,0.973360913523
1495738378,100,0.983401161831
1495738379,60,0.997677829973
1495738380,57,0.970298621758
1495738381,55,0.978578466508
1495738382,56,0.984290270711
1495738383,67,0.97173118631
1495738384,61,0.976036208509
1495738385,59,0.994582658373
1495738386,57,0.933913385655
1495738387,75,1.03623844246
1495738388,70,0.953261427838
1495738389,69,0.98593499634
1495738390,70,0.990014605158
1495738391,74,0.97409409334
1495738392,75,1.00770824447
1495738393,67,0.949566709019
1495738394,62,0.986469032243
1495738395,61,0.981669665681
1495738396,81,0.990622056305
1495738397,73,0.880124029383
1495738398,91,1.02787820077
1495738399,101,0.987712205236
1495738400,92,1.00923463036
1495738401,92,0.942674480479
1495738402,109,0.971969646843
1495738404,144,0.974386330439
1495738405,116,1.00909246272
1495738406,72,0.994221371635
1495738407,70,0.974167763409
1495738408,66,0.962047474414
1495738409,69,0.597635705684
1495738410,226,1.33893500017
1495738411,80,0.944072042632
1495738412,70,0.969748723391
1495738413,85,0.952338130132
1495738414,64,1.06653768252
1495738415,6,0.971851435308
1495738416,11,0.980581523844
1495738417,6,0.984061094827
1495738418,9,0.972713628805
1495738419,7,0.988440383131
1495738420,8,0.979970999911
1495738421,10,0.966872437657
1495738422,6,0.995524543436
1495738423,8,0.942552719625
1495738424,10,1.01937596371
1495738425,6,0.978898738919
1495738426,16,0.958889790392
1495738427,6,0.979424263625
1495738428,5,0.980669102356
1495738429,17,0.964368033378
1495738430,12,0.994571213272
1495738431,6,0.981109787539
1495738432,6,0.976975170153
1495738433,6,0.982355653507
1495738434,84,0.924834460146
1495738435,6,0.980109055695
1495738436,19,0.790329918704
1495738438,43,0.860988537685
1495738439,60,1.16861265917
1495738440,32,1.09467123318
1495738441,30,0.758789824968
1495738442,130,0.916429300801
1495738443,119,1.16806624065
1495738444,13,1.09903004743
1495738445,7,0.98301723923
1495738446,9,0.844520446497
1495738447,42,1.10781325491
1495738448,17,0.863354417753
1495738449,30,1.07429580103
1495738450,66,0.933842870614
1495738451,16,0.747631533288
1495738452,34,1.2209183128
1495738453,7,0.979151355797
1495738455,47,0.791653399197
1495738456,114,0.954008966912
