1495738348,76,10.714092733
1495738349,90,7.79733792091
1495738350,179,1.28805330258
1495738351,188,11.7758413103
1495738352,68,12.4952106557
1495738353,83,11.3943816571
1495738354,75,12.0412942763
1495738355,60,14.1573775898
1495738356,89,9.04509336909
1495738357,74,11.0077933805
1495738358,122,7.93625811621
1495738359,148,7.27794142947
1495738360,96,10.5139160069
1495738361,91,8.98736883725
1495738362,76,11.0065107502
1495738363,78,10.7027554773
1495738364,156,7.18748443146
1495738367,196,0.239090072607
1495738368,418,7.72687621453
1495738369,110,7.1930038259
1495738370,82,9.55236857892
1495738371,151,4.83275536736
1495738372,166,5.51113219328
1495738373,129,5.70743421282
1495738374,184,4.54993104194
1495738375,101,8.36029380758
1495738376,63,13.8157638251
1495738377,81,9.90667664375
1495738378,81,10.6490572002
1495738379,58,15.551320011
1495738380,56,15.2693130291
1495738381,57,15.2887871372
1495738382,56,15.4524593587
1495738383,66,13.0161787658
1495738384,63,13.2856293722
1495738385,58,14.6303685548
1495738386,63,12.9834613907
1495738387,64,13.9784991774
1495738388,72,11.5628346042
1495738389,63,13.4151899704
1495738390,71,12.4813012197
1495738391,68,12.492602716
1495738392,64,12.8348301519
1495738393,65,12.7189621176
1495738394,63,13.4027078731
1495738395,61,13.8232257511
1495738396,73,11.4038992699
1495738397,63,12.649453685
1495738398,85,10.190915697
1495738399,93,8.73879225219
1495738400,83,9.31325361485
1495738401,95,9.10555647467
1495738402,103,8.06956667393
1495738403,114,6.9530886802
1495738404,105,7.77775554139
1495738405,76,10.6964106991
1495738406,69,12.0622225739
1495738407,64,13.0079781331
1495738408,60,14.295544703
1495738409,93,8.56559594504
1495738410,88,10.9089225944
1495738411,71,11.8870717891
1495738412,78,10.9763651344
1495738413,76,12.0161674275
