1495737599,7,0.984950870474
1495737600,6,0.979964040145
1495737601,7,0.98008863491
1495737602,7,0.979945713235
1495737603,7,0.980092579768
1495737604,6,0.979896071629
1495737605,7,0.978900822301
1495737606,7,0.981238627927
1495737607,7,0.97788333633
1495737608,7,0.981893352594
1495737609,7,0.979813269488
1495737610,7,0.980181927706
1495737611,7,0.976798349161
1495737612,7,0.983244427279
1495737613,7,0.97989583967
1495737614,8,0.980014616695
1495737615,7,0.980168466455
1495737616,7,0.975583708233
1495737617,7,0.982884897481
1495737618,7,0.981356567471
1495737619,8,0.979969143964
1495737620,7,0.979998143943
1495737621,7,0.980075872351
1495737622,7,0.976621361752
1495737623,7,0.983470552095
1495737624,7,0.979842492175
1495737625,7,0.980050580262
1495737626,7,0.978214942997
1495737627,7,0.981788090858
1495737628,7,0.976482443924
1495737629,32,0.914973923974
1495737630,69,0.986887182854
1495737632,59,0.980807804205
1495737633,62,0.979026473675
1495737634,66,0.975657901795
1495737635,74,0.994391281789
1495737636,61,0.971892055691
1495737637,63,0.902036138095
1495737638,192,0.75839080475
1495737639,282,0.97742038767
1495737640,253,0.94213196128
1495737641,218,1.3000012773
1495737642,69,1.01861756251
1495737643,57,0.972667878351
1495737644,66,0.995951544137
1495737645,57,0.965337093586
1495737646,59,0.987482864063
1495737647,58,0.872952085461
1495737648,221,1.10838382826
1495737649,63,0.91812896853
1495737650,64,1.03443580886
1495737651,57,0.983747275964
1495737652,59,0.96978336936
1495737653,59,0.983750091785
1495737654,64,0.977778711985
1495737655,57,0.985219680955
1495737656,60,0.971457901542
1495737657,58,0.989722881801
1495737658,132,0.969915541957
1495737659,56,0.985249767166
1495737660,56,0.969401985256
1495737661,64,0.989317228477
1495737662,56,0.988620680798
1495737663,56,0.975173996868
1495737664,56,0.970365819625
1495737665,59,0.987733080669
1495737666,57,0.957835601607
1495737667,65,0.963554391078
1495737668,59,1.01466876868
1495737669,60,0.976501562938
1495737671,65,0.985019402475
1495737672,60,0.981752538591
1495737673,63,0.971239063925
1495737674,65,0.980921680624
1495737675,59,0.972532308679
1495737676,68,0.96446304539
1495737677,71,1.01509129713
1495737678,61,0.96395578724
1495737679,60,0.982829502436
1495737680,63,1.02006389697
1495737681,56,0.973794137221
1495737682,63,0.958245801025
1495737683,63,0.694170935539
1495737684,115,1.35277840976
1495737685,58,0.972230442515
1495737686,57,1.00914177183
1495737687,59,0.956641549218
1495737688,63,0.977941553421
1495737689,70,0.981079559136
1495737690,21,1.04245481295
1495737691,8,0.981246071005
1495737692,8,0.980162664306
1495737693,9,0.979961256267
1495737694,8,0.975542160327
1495737695,7,0.984418229354
1495737696,8,0.974296994981
1495737697,8,0.985795750871
1495737698,8,0.979897927299
1495737699,8,0.980045939653
1495737700,8,0.980000232008
1495737701,8,0.974301873883
1495737702,9,0.985719225087
1495737703,9,0.971118085934
1495737704,8,0.988957332884
1495737705,8,0.979847362792
1495737706,8,0.972497609438
1495737707,8,0.98577040273
1495737708,8,0.981779242448
1495737709,8,0.963073340305
1495737710,7,0.997198404505
