1495737630,144,11.6989921094
1495737631,140,13.8438364802
1495737632,141,13.8892010724
1495737633,142,13.5322512257
1495737634,147,13.5432625723
1495737635,144,14.0533081529
1495737636,141,14.0644306466
1495737637,139,10.5867842755
1495737638,291,4.37492694592
1495737639,273,4.41518845291
1495737640,237,6.81102058429
1495737641,147,13.5986644312
1495737642,137,14.7608345042
1495737643,141,13.9114387539
1495737644,138,14.7357538133
1495737645,137,14.9285023085
1495737646,137,15.2255835041
1495737647,163,10.811511167
1495737648,139,14.7929532589
1495737649,144,13.0515015843
1495737650,140,14.2431876084
1495737651,136,14.8752777404
1495737652,139,14.2048152238
1495737653,137,14.6933749622
1495737654,142,13.0653683171
1495737655,136,15.621038238
1495737656,139,14.1728085247
1495737658,137,14.8971468972
1495737659,144,12.7783723874
1495737660,136,15.4070621033
1495737661,136,14.8752352029
1495737662,142,13.7003156063
1495737663,135,15.3888723797
1495737664,136,15.1498305779
1495737665,136,15.1448449435
1495737666,136,15.2746156601
1495737667,139,14.2361253481
1495737668,142,13.9623841524
1495737669,137,14.778796185
1495737670,139,14.5950525205
1495737671,142,13.5529487064
1495737672,139,14.0638431133
1495737673,141,14.2209594234
1495737674,143,13.3795859863
1495737675,138,14.3855856672
1495737676,145,12.6691095119
1495737677,149,12.6433233177
1495737678,139,14.259990246
1495737679,138,12.8563831091
1495737680,237,9.74633865179
1495737681,381,16.8706989916
1495737682,253,19.3772244918
1495737683,140,15.5817713179
1495737684,137,14.7770910268
1495737685,135,15.613832421
1495737686,138,14.8596182341
1495737687,135,15.4411978201
1495737688,140,14.4279998536
1495737689,139,13.7739926025
