1495445346,7,0.985091270722
1495445347,6,0.979771293917
1495445348,6,0.980215350342
1495445349,7,0.979717032486
1495445350,6,0.980418720495
1495445351,6,0.980027377659
1495445352,7,0.979985615741
1495445353,6,0.980109055695
1495445354,9,0.976513080777
1495445355,7,0.983338555451
1495445356,6,0.98012274738
1495445357,6,0.973419164309
1495445358,6,0.986511348579
1495445359,6,0.980177053762
1495445360,7,0.974048878571
1495445361,7,0.985919015224
1495445362,6,0.972811768976
1495445363,7,0.987089390609
1495445364,6,0.979954296639
1495445365,6,0.978387421111
1495445366,6,0.981641646921
1495445367,6,0.980080977335
1495445368,6,0.979988399759
1495445369,7,0.979988399759
1495445370,6,0.97943979012
1495445371,6,0.980484903637
1495445372,16,0.74084622889
1495445374,105,0.985878471546
1495445375,90,1.23011441034
1495445376,6,0.979131901285
1495445377,6,0.980789693596
1495445378,6,0.980175197035
1495445379,6,0.979891896396
1495445380,6,0.980007888321
1495445381,6,0.979943857383
1495445382,6,0.980055452948
1495445383,7,0.969026287793
1495445384,6,0.979848290535
1495445385,9,0.957841560641
1495445386,12,0.93300782961
1495445387,33,0.936530535675
1495445388,7,0.978791803867
1495445389,6,0.982166160025
1495445390,6,0.980017400877
1495445391,7,0.979985383741
1495445392,6,0.9801821598
1495445393,7,0.973654227226
1495445394,6,0.986227428497
1495445395,10,0.749976084946
1495445396,120,1.14049709313
1495445397,101,0.975390152605
1495445398,88,0.989887773222
1495445399,93,0.969413563247
1495445400,99,0.979765728365
1495445401,98,0.98175645238
1495445402,97,1.03053691419
1495445403,97,0.929246868181
1495445404,96,0.973701258525
1495445405,98,0.985054936269
1495445406,92,0.975564173247
1495445407,91,1.02861584133
1495445408,88,0.948875370742
1495445409,93,0.955915191716
1495445410,179,0.985090309841
1495445411,104,0.99049371569
1495445412,90,0.971775896579
1495445413,95,0.993826565566
1495445414,85,0.98742258356
1495445415,87,0.976598227557
1495445416,98,0.94422776638
1495445417,101,1.00719851032
1495445418,99,0.959898266812
1495445419,98,0.982171185487
1495445420,97,0.997663929455
1495445421,97,1.00304141622
1495445422,80,1.00618893803
1495445423,88,0.95809449692
1495445425,87,1.00033100275
1495445426,84,0.959769737256
1495445427,94,0.96425448115
1495445428,88,0.990326557628
1495445429,106,0.977804193833
1495445430,91,0.992178031317
1495445431,216,0.952341482446
1495445432,186,0.993870731145
1495445433,98,0.970297029703
1495445434,100,0.984146071903
1495445435,151,0.980195106771
1495445436,149,0.871365569718
1495445437,232,0.801396682762
1495445438,260,1.26638767224
1495445439,192,1.22241555119
1495445440,93,0.986948880672
1495445441,92,0.954716195052
1495445442,101,0.997448579064
1495445443,95,0.973597774187
1495445444,95,0.986812348802
1495445445,86,0.990121934021
1495445446,100,0.996924922639
1495445447,92,0.988819260674
1495445448,66,1.00745189819
1495445450,91,0.935498276133
1495445451,96,0.987705474514
1495445452,89,0.982643179879
1495445453,95,0.947438902692
1495445454,93,1.00772508145
1495445455,99,0.936573842079
1495445456,113,1.02017912906
1495445457,86,1.00771395945
1495445458,72,0.944559346198
1495445459,19,1.09744766381
1495445460,8,0.982467332733
1495445461,8,0.97990674183
1495445462,9,0.979868933251
1495445463,8,0.976379029947
1495445464,8,0.983577577153
1495445465,9,0.977636221891
1495445466,8,0.98231975368
1495445467,8,0.980039906928
1495445468,8,0.978630982369
1495445469,9,0.976492118512
1495445470,9,0.984658947377
1495445471,8,0.978889942513
1495445472,9,0.980192836233
1495445473,9,0.980236704886
1495445474,9,0.980096524658
1495445475,10,0.977533717607
1495445476,9,0.982932975194
1495445477,9,0.979674369599
1495445478,9,0.980172411956
1495445479,10,0.980077960747
1495445480,9,0.979720742478
1495445481,9,0.978608540981
1495445482,10,0.981046310044
1495445483,10,0.979960096322
1495445484,10,0.979866613801
