1495738777,377,89.3818623557
1495738778,506,86.9055360038
1495738779,547,96.1113704495
1495738780,519,90.7097197671
1495738781,587,81.4367970775
1495738782,636,73.0773969011
1495738783,530,95.0471142001
1495738784,523,92.4601695988
1495738785,501,98.2111019056
1495738786,542,83.6138529697
1495738787,535,93.0793576642
1495738788,502,94.2819317787
1495738789,516,92.7484481191
1495738790,708,69.6888888889
1495738791,505,95.3717579759
1495738792,578,79.9104030575
1495738793,518,94.4915192011
1495738794,514,95.7056274827
1495738795,601,57.4510677223
1495738796,1128,32.58361607
1495738797,1727,20.0881138577
1495738798,1583,47.3546664723
1495738799,696,84.0707678532
1495738800,528,90.8869253284
1495738801,560,85.7935803392
1495738802,605,79.4031235113
1495738803,529,84.2621678346
1495738804,565,91.8599320332
1495738805,522,89.2672610373
1495738806,527,92.0745687891
1495738807,527,91.2529636721
1495738808,542,88.7999153157
1495738809,560,82.0360385763
1495738810,587,81.5779590786
1495738811,538,94.0800892495
1495738812,521,87.6472983346
1495738813,555,90.6163279492
1495738814,562,86.0171700883
1495738815,910,46.531251587
1495738816,712,77.7563285897
1495738817,644,80.8514858283
1495738818,583,79.5620108411
1495738819,576,86.9149139326
1495738820,521,93.3601169224
1495738821,535,81.8670313975
1495738822,625,83.8279984046
1495738823,539,88.7218405496
1495738824,541,88.9666279222
1495738825,513,93.9944383721
1495738826,511,93.8499560284
1495738827,512,90.1552994242
1495738828,571,83.3789235434
1495738829,552,80.9822482753
1495738830,746,62.6592989203
1495738831,704,73.4343087931
1495738832,564,90.4387415699
1495738833,641,70.7377695771
1495738834,602,77.8802203143
1495738835,629,83.0035908145
1495738836,504,95.2283244084
1495738837,567,84.4909795886
1495738838,537,85.3519846127
1495738839,583,84.9908159249
1495738840,520,86.8957310404
1495738841,578,89.4985617819
1495738842,601,79.6835158296
1495738843,509,94.1509191632
1495738844,535,87.1022536908
1495738845,538,91.9522307423
1495738846,539,85.6418193105
1495738847,547,91.5930692892
1495738848,503,94.9049915413
1495738849,533,83.6020813294
1495738850,837,57.431977432
1495738851,564,91.4358684989
1495738852,519,92.8193966395
1495738853,517,94.0410648012
1495738854,554,78.1236624973
1495738855,587,89.4451787134
1495738856,511,94.634845704
1495738857,536,89.8678019376
1495738858,567,71.6846824252
1495738859,593,90.4068515261
1495738860,538,91.0835507956
1495738861,511,93.3183153224
1495738862,582,83.5010002206
1495738863,577,83.5445301204
1495738864,507,94.1995381278
1495738865,564,82.5538418037
1495738866,571,85.3411264155
1495738867,581,81.5893014219
1495738868,613,79.1341252764
1495738869,579,79.483554018
1495738870,613,76.5717029365
1495738871,557,93.9490902745
1495738872,537,84.4945457528
1495738873,546,92.3364591892
1495738874,587,76.8909478575
1495738875,636,54.4419581697
1495738876,830,74.7305893624
1495738877,621,88.164638277
1495738878,584,79.2081750534
1495738879,539,93.2267281561
1495738880,568,78.963619987
1495738881,574,87.0291272409
1495738882,635,73.5744863653
1495738883,644,77.7973332812
1495738884,610,78.2939466808
1495738885,562,80.4971911785
1495738886,650,76.3411580692
1495738887,555,85.1159554034
1495738888,649,67.3496552207
1495738889,661,71.4458485579
1495738890,868,50.7987984053
1495738891,774,71.082623806
1495738892,621,83.8407319276
1495738893,580,80.6931086104
1495738894,634,71.6745835049
1495738895,660,77.738924254
1495738896,575,84.3291775835
1495738897,588,81.4835183043
1495738898,649,43.3883734752
1495738899,1238,30.2857786086
1495738900,1757,26.824876353
1495738901,938,81.2789678962
1495738902,644,81.0937803971
1495738903,569,76.7635733208
1495738904,602,87.4331723304
1495738905,557,86.0777930003
1495738906,559,86.3447649815
1495738907,530,87.1994311034
1495738908,549,90.752620706
1495738909,550,71.9745966094
1495738910,819,65.9785421435
1495738911,564,90.6048336633
1495738912,527,91.1746355675
1495738913,513,92.7918596806
1495738914,537,85.985079048
1495738915,551,92.0775076488
1495738916,503,93.7815897994
1495738917,514,94.810242981
1495738918,640,69.2668560881
1495738919,590,86.4263712309
1495738920,553,87.4528878672
1495738921,537,85.0442980709
1495738922,566,88.5509487401
