1495739021,6,28.9127837059
1495739022,7,29.8391988621
1495739023,3,29.3883292914
1495739024,5,29.2702128841
1495739025,4,29.5453369886
1495739026,4,29.3595410179
1495739027,6,29.4305096283
1495739028,3,29.3395859024
1495739029,6,29.4389559081
1495739030,3,29.4228938136
1495739031,3,29.3117627592
1495739032,3,29.4743299808
1495739033,4,29.2448807435
1495739034,4,29.5320807186
1495739035,3,29.4370414237
1495739036,3,29.4017240713
1495739037,3,29.3610652223
1495739038,8,29.406264106
1495739039,4,29.3602203727
1495739040,3,29.4670310483
1495739041,7,29.2287890454
1495739042,3,29.4229499009
1495739043,3,29.5489141452
1495739044,3,29.3687124682
1495739045,3,29.3682828708
1495739046,3,29.4675180532
1495739047,3,29.4005186018
1495739048,3,29.3611536684
1495739049,4,29.4094952979
1495739050,4,29.4275357656
1495739051,4,29.3938015835
1495739052,5,29.4127271999
1495739053,4,29.3497772792
1495739054,3,29.3834270305
1495739055,3,29.3532875728
1495739056,6,29.5042911088
1495739057,7,29.2968270113
1495739058,5,29.5070991667
1495739059,4,29.39484301
1495739060,3,29.3911162999
1495739061,5,29.3446434262
1495739062,8,29.463361918
1495739063,3,28.663985448
1495739064,4,30.1137731941
1495739065,3,29.4086335346
1495739066,3,29.3480051176
1495739067,3,29.4719984443
1495739068,5,29.2842507043
1495739069,12,29.2540918722
1495739070,16,29.6528762533
1495739071,7,29.3267670651
1495739072,3,29.4837357714
1495739073,8,28.7900436906
1495739074,8,29.9592838806
1495739075,4,29.4043105575
1495739076,4,29.4432766852
1495739077,4,29.402704309
1495739078,3,29.2656973601
1495739079,3,29.5077261747
1495739080,11,29.3925355183
1495739081,4,29.4139682708
1495739082,4,29.2761142674
1495739083,3,29.5250089214
1495739084,4,29.3400828716
1495739085,3,29.4707623383
