1495739009,58,0.882603368331
1495739010,7,0.984606953558
1495739011,4,0.975028196738
1495739012,4,0.985215531368
1495739013,5,0.979889112927
1495739014,5,0.969817376738
1495739015,4,0.989792036715
1495739016,4,0.978163396331
1495739017,4,0.981762477478
1495739018,5,0.979364016218
1495739019,4,0.973956386056
1495739020,5,0.984905641523
1495739021,6,0.972373527266
1495739022,12,0.990306419336
1495739023,6,0.977494014516
1495739024,9,0.977555878874
1495739025,7,0.984792704457
1495739026,8,0.974202526301
1495739027,7,0.948612862767
1495739028,6,1.01037724159
1495739029,8,0.967428189157
1495739030,7,0.99787437808
1495739031,6,0.980645638144
1495739032,5,0.979815124845
1495739033,6,0.982130973099
1495739034,8,0.975659064793
1495739035,5,0.96757251149
1495739036,5,0.996552048359
1495739037,5,0.980055452948
1495739038,13,0.976844680676
1495739039,7,0.981230719781
1495739040,5,0.980309595881
1495739041,7,0.948719957827
1495739042,7,1.00788409333
1495739043,5,0.986054993947
1495739044,6,0.978410546125
1495739045,6,0.981689370273
1495739046,7,0.974901377851
1495739047,5,0.985391425482
1495739048,6,0.970700015109
1495739049,7,0.985303939626
1495739050,6,0.983786553453
1495739051,7,0.976910612698
1495739052,9,0.982882096982
1495739053,7,0.967646289682
1495739054,6,0.983856200426
1495739055,5,0.983518687121
1495739057,21,0.569367099774
1495739058,99,1.44878916933
1495739059,8,0.986382060062
1495739060,7,0.982278728518
1495739061,5,0.980297059715
1495739062,8,0.974389328117
1495739063,9,0.985580523052
1495739064,6,0.978133349212
1495739065,5,0.983877745432
1495739066,5,0.979825097509
1495739067,5,0.973407148412
1495739068,6,0.980445889336
1495739069,7,0.983992577839
1495739070,12,0.982559213178
1495739071,35,0.970034843206
1495739072,9,0.988112374841
1495739073,8,0.934637549784
1495739074,11,1.01719588192
1495739075,11,0.990562053393
1495739076,6,0.973603731234
1495739077,7,0.982503476543
1495739078,7,0.963548483368
1495739079,6,0.997390378585
1495739080,5,0.96287724334
1495739081,8,0.992984339463
1495739082,9,0.974457771425
1495739083,5,0.990590647624
1495739084,6,0.977443697791
1495739085,7,0.984129897387
1495739086,6,0.949056348813
1495739087,5,1.00800408002
1495739088,4,0.983256104733
1495739089,4,0.974261747619
1495739090,6,0.986367252813
1495739091,4,0.979289180723
1495739092,4,0.980407806941
1495739093,4,0.974949604099
1495739094,6,0.984996103579
1495739095,5,0.97999535987
1495739096,4,0.980094436183
1495739097,4,0.97963031943
1495739098,6,0.951619586554
1495739099,5,1.00850160949
1495739100,4,0.981234673838
1495739101,4,0.978480390303
1495739102,4,0.981613247909
1495739103,4,0.980003944145
1495739104,4,0.979569119455
1495739105,4,0.979935970093
1495739106,4,0.980447979309
1495739107,5,0.979219221038
1495739108,4,0.980340705529
1495739109,5,0.979029777782
1495739110,4,0.981470579379
1495739111,5,0.978570832513
1495739112,5,0.978215636487
1495739113,5,0.982708730528
1495739114,4,0.980478168804
1495739115,5,0.97883276973
1495739116,7,0.980671890258
1495739117,16,0.564455038544
1495739118,75,1.4189647302
1495739119,4,0.98159951455
1495739120,4,0.980573626286
1495739121,4,0.979488690208
1495739122,7,0.971947221761
