1495736154,101,9.3495874459
1495736155,80,10.7878041874
1495736156,62,14.8738711214
1495736157,76,11.0460050362
1495736158,111,7.46187609145
1495736159,77,11.2676721691
1495736160,66,13.1045728155
1495736161,76,10.629123252
1495736162,77,11.6579065275
1495736163,59,15.6070031131
1495736164,74,11.4344207956
1495736165,59,14.7713283105
1495736166,88,9.5016666051
1495736167,76,11.9968423341
1495736168,79,10.2949245738
1495736169,71,11.8808982078
1495736170,106,8.28536840918
1495736171,60,14.6161600818
1495736172,100,8.49616632283
1495736173,66,12.2950398938
1495736174,67,14.6742586255
1495736175,104,7.9389244558
1495736176,105,8.61756681685
1495736177,87,9.68832218317
1495736178,113,7.06672827439
1495736179,75,11.3114072319
1495736180,69,12.5899711455
1495736181,65,12.4524240813
1495736182,146,6.11844456529
1495736183,91,8.93645741009
1495736184,99,9.28326545388
1495736185,70,12.8280837455
1495736186,65,13.7488705722
1495736187,67,12.9720546318
1495736188,75,11.1215957397
1495736189,138,6.19009298702
1495736190,403,2.08807115576
1495736191,68,12.8580867704
1495736192,71,11.714186566
1495736193,76,10.783373363
1495736194,108,8.25041125231
1495736195,66,12.6811386113
1495736196,76,9.77433407047
1495736197,79,12.5770006148
1495736198,71,12.3784649924
1495736199,68,12.3427301764
1495736200,76,11.8423864508
1495736201,94,9.04488432064
1495736202,72,12.3329936898
1495736203,77,11.1069298943
1495736204,59,14.9465429741
1495736205,72,11.1245370085
1495736206,72,12.8206247078
1495736207,93,9.24687818527
1495736208,96,6.73865562063
1495736209,751,0.53132658151
1495736210,1213,5.78150562774
1495736211,229,18.2086577832
1495736212,78,10.9342509738
1495736213,64,13.2338358234
1495736214,90,9.33347783782
1495736215,63,13.8656264107
1495736216,66,13.0253518981
1495736217,59,9.76216972645
1495736218,77,14.4943688487
1495736219,78,10.6418210282
1495736220,66,13.1878197929
1495736221,85,9.91610998136
1495736222,67,13.1215704076
1495736223,63,13.7808875456
1495736224,76,11.9269464237
1495736225,69,12.2816507909
1495736226,87,9.76773724974
1495736227,64,14.0850669317
1495736228,97,10.8383455395
1495736229,65,12.3487605335
1495736230,74,12.9280910502
1495736231,75,11.6326648646
1495736232,62,14.4398197844
1495736233,70,11.8518264503
1495736234,64,13.6660365325
1495736235,83,9.49044375348
1495736236,77,11.5459047368
1495736237,74,11.4828652509
1495736238,77,11.4693642908
1495736239,78,11.0745598463
1495736240,117,6.59897825402
1495736242,181,3.63469018343
1495736243,210,4.01923388253
1495736244,153,5.34857224928
1495736245,92,9.82172327494
1495736246,69,12.8077554968
1495736247,69,12.1348728912
1495736248,81,10.9043785341
1495736249,83,9.12043382049
1495736250,210,4.55498500525
1495736251,84,11.6490022088
1495736252,77,12.1622858189
1495736253,69,11.7715922156
